          1          1     0.002050098487    2.217228799e-06                  0                  0     -0.00862118814      0.02211489858            6300.16                  0
          2          1     -0.00847446593   -0.0002907687877                  0                  0     -0.03862450335      -0.0447465187            6300.16                  0
          1          2     0.003816202871     2.36952209e-06                  0                  0     -0.03277343498      0.03921009991            6300.16                  0
          2          2    -0.006060049539   -0.0003256499992                  0                  0     -0.01018864177     -0.02881518111            6300.16                  0
          1          3     0.004599263166    6.663931627e-07                  0                  0     -0.06680742213       0.0463389729            6300.16                  0
          2          3     0.001876188716   -0.0004390754901                  0                  0     0.003690140894    -0.007047110442            6300.16                  0
          1          4     0.004011270305   -2.308212716e-06                  0                  0      -0.1015813806      0.04101466578            6300.16                  0
          2          4      0.00299797666    0.0006428441074                  0                  0    0.0002939628873      0.01603881709            6300.16                  0
          1          5     0.002367305723   -2.301954631e-06                  0                  0      -0.1277279938       0.0252922981            6300.16                  0
          2          5    0.0007997222356    -0.000190754717                  0                  0     -0.02027205528       0.0362160482            6300.16                  0
          1          6    0.0003502005247   -2.628437762e-07                  0                  0      -0.1391305697      0.00395644232            6300.16                  0
          2          6     0.007242766885    0.0002572687201                  0                  0     -0.05385135813       0.0483043934            6300.16                  0
          1          7    -0.001580958458    2.174399492e-06                  0                  0       -0.133624791     -0.01814016811            6300.16                  0
          2          7     0.003001781677   -0.0005835957521                  0                  0     -0.09241816211        0.047733272            6300.16                  0
          1          8    -0.003373245542    3.406754097e-06                  0                  0      -0.1124335035     -0.03629837805            6300.16                  0
          2          8     0.005447359467    0.0005500186075                  0                  0      -0.1249595956      0.03432544949            6300.16                  0
          1          9    -0.004616997983    9.553882732e-07                  0                  0     -0.08049135792     -0.04566377964            6300.16                  0
          2          9    -0.002006489391    0.0001335963275                  0                  0      -0.1433869032      0.01251819038            6300.16                  0
          1         10    -0.004237612082    -3.10099278e-06                  0                  0     -0.04593004808     -0.04307523594            6300.16                  0
          2         10   -0.0006263189644   -0.0005700957781                  0                  0      -0.1436500514     -0.01200235171            6300.16                  0
          1         11    -0.002633985073   -3.852405157e-06                  0                  0     -0.01767218736     -0.02941285578            6300.16                  0
          2         11     0.001660253143   -1.399021802e-05                  0                  0      -0.1258120196     -0.03385928504            6300.16                  0
          1         12   -0.0007748353083    -1.29597502e-06                  0                  0    -0.002773559817    -0.008916045822            6300.16                  0
          2         12    -0.001628837528   -0.0002963342252                  0                  0     -0.09434957392     -0.04763200164            6300.16                  0
          1         13     0.001216797138    1.600912455e-06                  0                  0    -0.004537047917      0.01343521595            6300.16                  0
          2         13    -0.009884519717    0.0001790958439                  0                  0     -0.05708048222     -0.04915544082            6300.16                  0
          1         14     0.003134359242    2.434242992e-06                  0                  0     -0.02266054183      0.03280153972            6300.16                  0
          2         14    -0.002671523419    0.0004326145423                  0                  0     -0.02336222881       -0.038292075            6300.16                  0
          1         15     0.004357066713    1.519192385e-06                  0                  0      -0.0531633705      0.04415372251            6300.16                  0
          2         15    -0.004354638594    0.0004090644377                  0                  0    -0.001234944425     -0.01893088101            6300.16                  0
          1         16     0.004310162324   -1.192952352e-06                  0                  0     -0.08817345394      0.04374506894            6300.16                  0
          2         16    -0.001447882325   -0.0005427076418                  0                  0     0.004424779544     0.004048341265            6300.16                  0
          1         17     0.003034490773   -2.689927536e-06                  0                  0      -0.1180986405      0.03183340166            6300.16                  0
          2         17     0.005284648712   -9.671647323e-05                  0                  0    -0.007390064896      0.02642946082            6300.16                  0
          1         18     0.001123554335   -1.162688976e-06                  0                  0      -0.1354203629      0.01242259399            6300.16                  0
          2         18     0.002103584008    0.0004383710896                  0                  0     -0.03496084055      0.04352373646            6300.16                  0
          1         19    -0.000833586779     1.30814587e-06                  0                  0      -0.1365288903     -0.00956830975            6300.16                  0
          2         19     0.007424377449   -0.0001797393711                  0                  0     -0.07240728471      0.04994970613            6300.16                  0
          1         20    -0.002643275026    3.089329518e-06                  0                  0      -0.1213401588     -0.02950078584            6300.16                  0
          2         20     0.001564435905   -0.0001309716768                  0                  0      -0.1095273014      0.04284880069            6300.16                  0
          1         21    -0.004164907945    2.218879817e-06                  0                  0     -0.09324516239     -0.04256453688            6300.16                  0
          2         21     0.005017372704   -0.0002688866435                  0                  0      -0.1362197352      0.02462438479            6300.16                  0
          1         22     -0.00447128708   -1.692129174e-06                  0                  0     -0.05924558559     -0.04469139837            6300.16                  0
          2         22   -0.0001482889898    0.0006321290148                  0                  0      -0.1460468901    0.0007682247861            6300.16                  0
          1         23    -0.003237330639   -3.888681948e-06                  0                  0     -0.02813601571     -0.03509429923            6300.16                  0
          2         23    -0.006038417473   -0.0001499610195                  0                  0      -0.1374279621     -0.02317545054            6300.16                  0
          1         24     -0.00147251599   -2.434098307e-06                  0                  0    -0.007879161178     -0.01693623708            6300.16                  0
          2         24    -0.007383050386   -0.0003471740774                  0                  0      -0.1122597388     -0.04185729865            6300.16                  0
          1         25    0.0004371034915    6.485443974e-07                  0                  0    -0.003218419652      0.00492197906            6300.16                  0
          2         25    -0.007815130422    0.0004035486889                  0                  0     -0.07668494727     -0.05013860958            6300.16                  0
          1         26        0.002402814    2.308423558e-06                  0                  0      -0.0151629829      0.02566356837            6300.16                  0
          2         26   -0.0006930670954   -0.0002483722359                  0                  0     -0.04004222748     -0.04550492739            6300.16                  0
          1         27     0.003940861765    1.941064859e-06                  0                  0     -0.04122052539      0.04035999941            6300.16                  0
          2         27     0.000278225943   -0.0003398498413                  0                  0     -0.01087709002     -0.02996464799            6300.16                  0
          1         28     0.004399195348    2.745810539e-08                  0                  0      -0.0749986593      0.04454527107            6300.16                  0
          2         28     0.001787349483    0.0004207158104                  0                  0     0.003961555715    -0.008252683931            6300.16                  0
          1         29     0.003556568338   -2.478472313e-06                  0                  0      -0.1072987961      0.03679968073            6300.16                  0
          2         29    -0.001449080343    0.0002796760405                  0                  0     0.001329019569       0.0150816251            6300.16                  0
          1         30     0.001838115654     -1.9305329e-06                  0                  0      -0.1295952458      0.01992751885            6300.16                  0
          2         30      0.00439724889   -0.0007673123942                  0                  0     -0.01869635848      0.03574068446            6300.16                  0
          1         31   -0.0001145585951    4.088950971e-07                  0                  0      -0.1368453092    -0.001299686795            6300.16                  0
          2         31     0.004373499388    0.0008007365023                  0                  0     -0.05201326067      0.04844828476            6300.16                  0
          1         32    -0.001947007576    2.504646899e-06                  0                  0      -0.1277161942     -0.02220407896            6300.16                  0
          2         32     0.006787542597   -0.0006194167192                  0                  0     -0.09099761351      0.04844476022            6300.16                  0
          1         33    -0.003588323062    2.859281721e-06                  0                  0      -0.1042155663     -0.03810879378            6300.16                  0
          2         33     0.001528650837    0.0005375249517                  0                  0      -0.1242512569      0.03536068256            6300.16                  0
          1         34     -0.00444119627   -1.525955747e-07                  0                  0     -0.07200778729     -0.04449284154            6300.16                  0
          2         34     0.001000266549   -0.0006858306231                  0                  0      -0.1436211433      0.01363014668            6300.16                  0
          1         35    -0.003717440832   -3.385865266e-06                  0                  0     -0.03939361733     -0.03914957186            6300.16                  0
          2         35     0.002738948008    0.0001255414632                  0                  0      -0.1445686683     -0.01098749771            6300.16                  0
          1         36    -0.002099985172   -3.175008526e-06                  0                  0     -0.01482218917     -0.02388545087            6300.16                  0
          2         36     -0.00382925201    0.0004832459159                  0                  0      -0.1273983918     -0.03315045957            6300.16                  0
          1         37   -0.0002762364833    -4.14058815e-07                  0                  0    -0.004316657208    -0.003157562644            6300.16                  0
          2         37    -0.002667387745    0.0003530981257                  0                  0      -0.0962184204     -0.04749486688            6300.16                  0
          1         38     0.001669171695    1.824318366e-06                  0                  0     -0.01017945829      0.01820080843            6300.16                  0
          2         38    -0.007301802217   -0.0004210100745                  0                  0     -0.05901571156     -0.04973066264            6300.16                  0
          1         39      0.00340667657    2.191905035e-06                  0                  0     -0.03123759251      0.03538383028            6300.16                  0
          2         39    -0.008248632675    0.0001609786926                  0                  0     -0.02456037759     -0.03944327853            6300.16                  0
          1         40     0.004297678219    9.706248242e-07                  0                  0     -0.06259141999      0.04362305098            6300.16                  0
          2         40    -0.005354146542   -0.0002710967057                  0                  0    -0.001507456848     -0.02031081527            6300.16                  0
          1         41      0.00391688826   -1.827775174e-06                  0                  0      -0.0959028951      0.04015248571            6300.16                  0
          2         41     0.002662808375   -0.0004617378857                  0                  0     0.005272363683      0.00280895806            6300.16                  0
          1         42     0.002471053119     -2.3325917e-06                  0                  0      -0.1221324147      0.02632420399            6300.16                  0
          2         42     0.003584750838    0.0007191368476                  0                  0    -0.005684160673      0.02562078595            6300.16                  0
          1         43    0.0005743948067   -4.703717608e-07                  0                  0      -0.1349231966     0.006443471375            6300.16                  0
          2         43     0.002387036671   -0.0005425388904                  0                  0     -0.03305222476      0.04335431744            6300.16                  0
          1         44    -0.001283978451    1.757076236e-06                  0                  0      -0.1316942583     -0.01475669384            6300.16                  0
          2         44     0.006378133773    0.0008059165094                  0                  0      -0.0704260169      0.05048052191            6300.16                  0
          1         45    -0.002974228846    2.968808806e-06                  0                  0      -0.1132223254     -0.03270132273            6300.16                  0
          2         45     0.004615179049   -0.0008362029635                  0                  0       -0.108388501      0.04389696201            6300.16                  0
          1         46    -0.004188502271    1.206923374e-06                  0                  0     -0.08379700567     -0.04273512444            6300.16                  0
          2         46     0.003821035253    0.0006917378601                  0                  0      -0.1358515557      0.02588416003            6300.16                  0
          1         47    -0.004033288508   -2.431819556e-06                  0                  0     -0.05090883307     -0.04159559388            6300.16                  0
          2         47     -0.00325650286    8.766376944e-07                  0                  0      -0.1467981991     0.002004540768            6300.16                  0
          1         48    -0.002656321921   -3.461593173e-06                  0                  0     -0.02312033701     -0.02964156324            6300.16                  0
          2         48    -0.001151715374   -0.0005081115192                  0                  0      -0.1390139563     -0.02217079194            6300.16                  0
          1         49   -0.0009219312388   -1.386596823e-06                  0                  0     -0.00746391009     -0.01060553315            6300.16                  0
          2         49   -0.0002895714436   -0.0002625363376                  0                  0      -0.1143725109     -0.04137142024            6300.16                  0
          1         50    0.0009645675464    1.054869245e-06                  0                  0    -0.007516810176      0.01072508538            6300.16                  0
          2         50     -0.01015171832   -0.0001785444873                  0                  0     -0.07903242713     -0.05043066858            6300.16                  0
          1         51     0.002805440227    2.206552459e-06                  0                  0     -0.02331217467       0.0296179857            6300.16                  0
          2         51    -0.001429669554    0.0002901325172                  0                  0     -0.04170646712      -0.0465714408            6300.16                  0
          1         52     0.004037881001    1.679407097e-06                  0                  0     -0.05134593322      0.04125498728            6300.16                  0
          2         52     0.001360028832    0.0001707959218                  0                  0     -0.01159023933     -0.03148712653            6300.16                  0
          1         53     0.004110999924   -1.012653521e-06                  0                  0     -0.08442336449      0.04193419574            6300.16                  0
          2         53    -0.002162962232    0.0005480057153                  0                  0     0.004427906175    -0.009793574907            6300.16                  0
          1         54     0.003001446648   -2.341264207e-06                  0                  0      -0.1134932998      0.03151352473            6300.16                  0
          2         54    -0.001146194283    -0.000432934469                  0                  0     0.002753341931      0.01388777451            6300.16                  0
          1         55     0.001223442038   -1.173406433e-06                  0                  0      -0.1311225211      0.01349613578            6300.16                  0
          2         55     0.005997613915   -0.0001811029399                  0                  0     -0.01642548424      0.03516558643            6300.16                  0
          1         56   -0.0006478398192    9.065619195e-07                  0                  0      -0.1334832606    -0.007422419715            6300.16                  0
          2         56     0.002320250944    0.0001815719446                  0                  0     -0.04972811711       0.0486659278            6300.16                  0
          1         57    -0.002366962889    2.696664701e-06                  0                  0      -0.1202165549     -0.02669920056            6300.16                  0
          2         57     0.007289019338    0.0003303277893                  0                  0     -0.08903671889      0.04940055193            6300.16                  0
          1         58    -0.003786986415    2.194308575e-06                  0                  0     -0.09431571179     -0.03971427978            6300.16                  0
          2         58     0.001106204937   -0.0003432678249                  0                  0      -0.1234582069      0.03674759173            6300.16                  0
          1         59    -0.004159457062   -1.155540605e-06                  0                  0     -0.06223117347     -0.04252707518            6300.16                  0
          2         59      0.00422712173   -0.0002793373799                  0                  0      -0.1438205225      0.01512024646            6300.16                  0
          1         60    -0.003129106343   -3.286852596e-06                  0                  0     -0.03231659508     -0.03413550539            6300.16                  0
          2         60   -0.0006995871348     0.000584077924                  0                  0      -0.1458694701    -0.009641916443            6300.16                  0
          1         61    -0.001503963024    -2.15888364e-06                  0                  0      -0.0122906307     -0.01727504301            6300.16                  0
          2         61    -0.007391394638    6.390192867e-05                  0                  0      -0.1296709537      -0.0322420692            6300.16                  0
          1         62    0.0003067029338    1.352977761e-07                  0                  0    -0.006931570358     0.003471226213            6300.16                  0
          2         62    -0.008936914131    0.0002821251977                  0                  0     -0.09884451699     -0.04737464735            6300.16                  0
          1         63     0.002178222926    1.981273721e-06                  0                  0     -0.01742171078      0.02339717257            6300.16                  0
          2         63    -0.001107555588   -0.0002235983267                  0                  0     -0.06135465939     -0.05057259791            6300.16                  0
          1         64     0.003658179648    2.189079611e-06                  0                  0     -0.04152006142       0.0377460482            6300.16                  0
          2         64    -0.008144562188   -0.0002515534951                  0                  0     -0.02612196724     -0.04103018472            6300.16                  0
          1         65     0.004146740995   -2.191622621e-07                  0                  0     -0.07329276719      0.04226034681            6300.16                  0
          2         65    -0.003390307698   -0.0005124858544                  0                  0    -0.001697165032     -0.02215710947            6300.16                  0
          1         66     0.003413637873   -2.018927886e-06                  0                  0      -0.1041125899      0.03544622013            6300.16                  0
          2         66     0.003541896841   -4.944547878e-05                  0                  0     0.006485093615     0.001173775352            6300.16                  0
          1         67      0.00181836698   -1.627294883e-06                  0                  0      -0.1258003979       0.0197357741            6300.16                  0
          2         67     0.001435380786    0.0007022735394                  0                  0    -0.003429862052      0.02454180032            6300.16                  0
          1         68   -3.590916441e-05    2.875823499e-08                  0                  0      -0.1333310591   -0.0003978871763            6300.16                  0
          2         68     0.004054294103   -0.0008127039171                  0                  0     -0.03029009902      0.04309964228            6300.16                  0
          1         69    -0.001781256577    2.186443256e-06                  0                  0      -0.1252506739     -0.02039782976            6300.16                  0
          2         69     0.004706355306     0.000820883142                  0                  0     -0.06780627491      0.05116467699            6300.16                  0
          1         70    -0.003308416287    2.754960717e-06                  0                  0      -0.1033761674     -0.03573195313            6300.16                  0
          2         70     0.006485834357   -0.0006192756876                  0                  0      -0.1066251809      0.04531503728            6300.16                  0
          1         71    -0.004101386822    1.810789563e-07                  0                  0     -0.07300212391     -0.04210020315            6300.16                  0
          2         71     0.001481160608    0.0006784308063                  0                  0       -0.135392872      0.02763337856            6300.16                  0
          1         72    -0.003497599057    -2.70633943e-06                  0                  0     -0.04199355219     -0.03735241062            6300.16                  0
          2         72    -0.001715622867   -0.0005139957298                  0                  0      -0.1477678125     0.003741266574            6300.16                  0
          1         73     -0.00202568237    -2.69874177e-06                  0                  0     -0.01843566275     -0.02306024213            6300.16                  0
          2         73     0.002026020163    -0.000196745038                  0                  0       -0.141114227     -0.02076349852            6300.16                  0
          1         74   -0.0002967543818   -7.958770937e-07                  0                  0    -0.008157334479    -0.003385188311            6300.16                  0
          2         74    0.0006779381667    0.0001631548388                  0                  0      -0.1172765919     -0.04069941106            6300.16                  0
          1         75     0.001555197437    1.601930448e-06                  0                  0      -0.0134618735      0.01699197921            6300.16                  0
          2         75    -0.006550199566   -0.0004220795744                  0                  0     -0.08213757352     -0.05084658809            6300.16                  0
          1         76     0.003196690852    2.459304968e-06                  0                  0      -0.0332519287      0.03339553229            6300.16                  0
          2         76    -0.005361404618    0.0004140169011                  0                  0      -0.0440492901     -0.04804897697            6300.16                  0
          1         77     0.004041983494    4.507527395e-07                  0                  0     -0.06285324704      0.04130218841            6300.16                  0
          2         77    -5.01669812e-05    0.0003138575121                  0                  0     -0.01259446829     -0.03356168414            6300.16                  0
          1         78     0.003699361992   -1.442674086e-06                  0                  0     -0.09438675058      0.03812443758            6300.16                  0
          2         78    -0.003304981483    0.0004471294253                  0                  0      0.00501602235     -0.01187472258            6300.16                  0
          1         79     0.002344162719   -1.855633648e-06                  0                  0       -0.119302953      0.02507533958            6300.16                  0
          2         79   -0.0005825372215   -0.0005511453789                  0                  0     0.004781648457      0.01224906558            6300.16                  0
          1         80    0.0005489794701   -7.964429012e-07                  0                  0      -0.1315008451     0.006170549355            6300.16                  0
          2         80     0.005911348898    1.938588801e-05                  0                  0     -0.01337422825      0.03430773438            6300.16                  0
          1         81    -0.001218261255    1.572043332e-06                  0                  0      -0.1284461989     -0.01403103092            6300.16                  0
          2         81     0.002328890788    2.609628198e-05                  0                  0     -0.04643253034      0.04885757259            6300.16                  0
          1         82    -0.002803284521    2.916675158e-06                  0                  0      -0.1108870517     -0.03106981945            6300.16                  0
          2         82     0.007184547314    0.0005041849415                  0                  0      -0.0862960269      0.05064125432            6300.16                  0
          1         83     -0.00389167915    1.228716944e-06                  0                  0     -0.08295139725     -0.04051082171            6300.16                  0
          2         83     0.001966266314   -0.0005471179399                  0                  0      -0.1220602431      0.03866488775            6300.16                  0
          1         84    -0.003740884895   -1.928413359e-06                  0                  0      -0.0517859686     -0.03932955446            6300.16                  0
          2         84     0.004521839273   -6.002096947e-06                  0                  0      -0.1439893764      0.01724841649            6300.16                  0
          1         85    -0.002485271399   -3.023336645e-06                  0                  0     -0.02555385291     -0.02789220423            6300.16                  0
          2         85    -0.001911522768    0.0005484301359                  0                  0      -0.1476400858    -0.007692304437            6300.16                  0
          1         86   -0.0008446644927   -1.590396007e-06                  0                  0     -0.01092140426    -0.009713197391            6300.16                  0
          2         86    -0.006876717894   -0.0001647549896                  0                  0      -0.1327524765     -0.03090724618            6300.16                  0
          1         87    0.0009562907403    1.139335006e-06                  0                  0      -0.0112777202      0.01061400119            6300.16                  0
          2         87    -0.009809394736    2.449902941e-05                  0                  0      -0.1025429597     -0.04714869501            6300.16                  0
          1         88      0.00268739156    2.404493637e-06                  0                  0     -0.02658321593       0.0284745205            6300.16                  0
          2         88   -0.0004544454881   -3.172156623e-08                  0                  0     -0.06462682057     -0.05168296768            6300.16                  0
          1         89     0.003820989863     9.75579405e-07                  0                  0     -0.05335471326      0.03926425258            6300.16                  0
          2         89    -0.007991934487   -0.0002912705391                  0                  0     -0.02822558141     -0.04315268191            6300.16                  0
          1         90     0.003858282411   -7.025290216e-07                  0                  0     -0.08466358304       0.0395994155            6300.16                  0
          2         90     -0.00401580661   -0.0004649868341                  0                  0    -0.002012063543     -0.02462211984            6300.16                  0
          1         91     0.002787982973   -1.939470738e-06                  0                  0      -0.1119588893      0.02946101704            6300.16                  0
          2         91     0.003218619177   -0.0001325825451                  0                  0     0.007973868863    -0.001037257868            6300.16                  0
          1         92     0.001099701112   -1.462075733e-06                  0                  0      -0.1282575571      0.01217400475            6300.16                  0
          2         92      0.00179957644    0.0007063900728                  0                  0   -0.0004706179763       0.0229995298            6300.16                  0
          1         93   -0.0006762047244    9.714866277e-07                  0                  0      -0.1299660659    -0.007778894802            6300.16                  0
          2         93     0.003309986056   -0.0007166190035                  0                  0     -0.02648360665      0.04259210155            6300.16                  0
          1         94    -0.002299010604    2.723846929e-06                  0                  0       -0.116836808     -0.02597457083            6300.16                  0
          2         94     0.005563440664    0.0008384181418                  0                  0     -0.06410303476      0.05192885619            6300.16                  0
          1         95    -0.003574660557    1.818046602e-06                  0                  0     -0.09188882445     -0.03797233084            6300.16                  0
          2         95     0.006262868377   -0.0007109996807                  0                  0      -0.1040195811      0.04716926737            6300.16                  0
          1         96    -0.003845976636   -1.180463123e-06                  0                  0     -0.06138826691     -0.04014952329            6300.16                  0
          2         96     0.002116888855    0.0006990028032                  0                  0      -0.1345087892       0.0300549451            6300.16                  0
          1         97    -0.002874197756   -3.099920155e-06                  0                  0     -0.03332342361     -0.03173754103            6300.16                  0
          2         97    -0.001610537899   -0.0004662280534                  0                  0      -0.1488026071     0.006214286547            6300.16                  0
          1         98    -0.001339316385   -2.112375686e-06                  0                  0     -0.01495454892      -0.0154163709            6300.16                  0
          2         98     0.001889645187   -0.0002238029165                  0                  0      -0.1439078675     -0.01871916996            6300.16                  0
          1         99     0.000393113705    5.499456869e-07                  0                  0     -0.01068651828     0.004425567918            6300.16                  0
          2         99    0.0003226235274    0.0002034779424                  0                  0       -0.121260908     -0.03965614176            6300.16                  0
          1        100     0.002158536623    1.988088872e-06                  0                  0     -0.02148368977      0.02321491785            6300.16                  0
          2        100    -0.005362105362   -0.0003909602711                  0                  0      -0.0863296846     -0.05129189346            6300.16                  0
