0.00016647	3.54208e-05	1.95191e-05	-8.32829e-07	0.00138279	-4.80709e-05
0.00012848	-2.79359e-05	-8.64253e-06	1.13644e-06	-0.0045592	0.00105887
6.24037e-05	4.4168e-05	6.88511e-05	-1.35673e-06	0.00501215	-0.00111863
-0.000223534	1.56008e-06	-7.1382e-06	9.16338e-07	0.00566097	0.000192348
0.000135656	5.57382e-05	7.03797e-05	1.63606e-06	0.00440338	0.000688113
-6.2474e-06	7.84038e-05	4.45308e-06	3.07261e-07	-0.00300105	-0.00075898
0.000474778	-6.15874e-05	-4.37958e-05	-3.10642e-06	-0.00117755	0.000132569
-5.3701e-05	-1.27744e-05	-4.76615e-05	-2.52834e-07	0.00416804	0.000920668
-0.000218572	2.28294e-05	-1.54109e-05	4.67715e-07	0.00342187	-0.00153211
7.44235e-05	-3.30283e-05	4.4418e-05	1.33758e-06	0.00179405	0.00173697
-3.49071e-05	1.17943e-05	-2.43504e-05	-3.08399e-06	-0.000713334	-0.000288321
-0.000499017	2.93434e-05	1.50318e-05	2.92364e-06	-0.00161964	-0.00170621
-0.000321225	3.59676e-05	5.84321e-05	-1.73789e-06	0.000793304	-0.00146906
-5.39926e-05	-8.57052e-06	1.40736e-05	-1.12004e-06	-0.00142835	-5.40116e-05
0.000156493	-6.50473e-05	3.73015e-05	1.95185e-06	0.000945229	-0.000542046
-0.000196989	3.74689e-05	-5.27419e-06	-5.174e-07	0.00298173	-0.00136318
6.20754e-05	-1.68199e-05	-2.79767e-05	4.0469e-07	0.00301923	-4.14147e-05
0.000281179	-2.42311e-05	4.28819e-05	1.26475e-07	0.000237045	0.00073512
7.36066e-05	8.08914e-06	3.12216e-05	1.59344e-06	-0.00290635	-0.000427221
-0.000306325	-5.59358e-05	1.93842e-05	1.92586e-06	0.0019157	-0.00057511
-0.000412354	-1.75276e-05	-9.00544e-05	-3.75906e-07	0.00310147	-0.00142096
-0.00012184	-2.58711e-05	7.48153e-07	6.21517e-07	0.00514246	-0.00100509
-0.000205953	3.09857e-05	-2.65967e-05	-1.33031e-06	0.00297117	-0.00134315
2.90982e-05	1.12192e-05	-3.55296e-05	2.21131e-07	0.00463695	-0.000414622
0.000225058	-3.87667e-05	-2.09671e-05	-4.34009e-07	0.00788213	0.000905331
8.23989e-05	5.74218e-05	-2.05517e-05	2.59411e-06	-0.00273535	-0.00150588
0.000196493	2.11882e-05	2.10428e-05	-1.21632e-06	0.00641067	0.000184858
-0.000149562	8.2693e-07	3.43232e-05	-1.07603e-06	0.00502316	-0.000385588
0.000292208	-1.2997e-05	5.17273e-05	5.32378e-07	0.00238682	0.000709894
-0.000189443	2.96465e-05	-3.69341e-05	1.5951e-06	-0.00200763	0.00123143
-3.49571e-05	-3.4202e-05	2.77198e-05	1.51215e-06	-0.00448719	0.000247927
5.06644e-05	2.59755e-05	-5.0452e-05	1.72889e-06	0.00121912	0.00115963
1.91341e-05	2.9253e-05	6.87102e-05	-6.2451e-07	0.00406522	-0.000166541
5.43303e-05	2.93821e-05	3.5211e-05	1.88761e-06	0.00589751	0.000503462
-4.53394e-05	4.91435e-07	-5.1148e-05	7.80582e-07	0.00112375	-0.000280344
-0.000123675	7.78729e-06	-5.37121e-05	1.7853e-06	0.000623195	0.000245385
-0.000187427	-2.31987e-05	5.45201e-05	-2.97402e-07	0.000942616	-0.000616957
-0.00014126	4.40624e-05	-2.67111e-05	2.22344e-06	0.00368853	-0.000822824
-0.00022754	1.64053e-05	1.14742e-05	1.02354e-06	-0.00826306	9.56098e-05
-0.000169245	1.62737e-05	6.94684e-05	-1.18671e-06	0.00355642	-0.00168026
-0.000141907	-8.75679e-05	-5.65774e-05	-8.29713e-07	0.00166965	-9.98088e-05
-0.00011478	8.79736e-06	1.43319e-05	1.87166e-06	-0.00153882	-0.00073517
-0.000172355	1.39961e-05	4.43003e-05	3.1961e-07	0.00227902	0.000410435
-2.30049e-05	3.2828e-05	-7.20547e-06	8.16623e-07	0.000504138	0.00039818
-0.000144669	-1.76845e-06	-2.81703e-05	-1.59289e-07	0.00160681	-0.00162516
0.00019622	9.70576e-06	-1.61701e-05	5.38957e-07	0.0049708	-4.02722e-05
0.000137545	-2.91891e-05	-4.53537e-05	1.60685e-06	-0.00151663	-0.000698557
1.92874e-05	1.59684e-05	2.04639e-05	1.92223e-07	0.000777975	0.00111324
-0.000233084	-7.22157e-06	-1.15183e-05	-5.34753e-07	-0.000954762	-0.00277861
0.000120212	-2.99001e-05	-8.59169e-05	-1.29515e-06	0.00263668	0.000285598
-2.67202e-05	6.33691e-05	-1.51703e-05	-2.17542e-06	-0.00311399	-6.42608e-05
-0.000119533	1.19404e-05	7.6731e-05	4.23833e-07	0.00352629	-0.000869213
-9.1482e-05	-1.53596e-05	-3.03778e-05	-3.38843e-07	0.00024077	-0.000219463
7.79448e-05	1.79984e-05	-4.97615e-06	-5.05924e-07	0.00144895	2.62346e-05
-6.76505e-05	-1.95382e-05	-1.77247e-05	-5.05602e-07	-0.000294877	0.000370186
-0.000377092	-3.04172e-05	-3.06419e-05	1.33987e-06	-0.00119337	0.000160355
-0.000444685	-1.46589e-05	-4.07573e-05	-4.94325e-07	-0.00222373	0.000166095
0.000126604	4.23621e-05	7.76031e-05	-2.63633e-07	0.000559554	1.20653e-05
-0.000165214	-2.04851e-05	2.03858e-05	-9.98601e-07	-0.00302614	-5.04878e-05
-0.000112339	1.0705e-05	2.84594e-05	3.39176e-07	0.00338543	-0.00179273
4.36192e-05	-5.87939e-05	1.15094e-05	1.43104e-06	-0.00211457	-0.00116124
-0.000480343	-2.35848e-05	-6.09222e-05	-4.28799e-06	-0.00141166	-0.000485839
4.57436e-05	7.47419e-06	2.57378e-05	-1.04012e-06	-0.00109369	-0.000335308
4.04687e-05	-2.51868e-05	-3.36843e-05	1.17e-06	0.002016	-0.00182766
-8.43761e-05	1.87323e-05	4.46078e-05	-1.1328e-06	0.00272549	-0.001523
7.00649e-07	-3.30218e-05	-3.39105e-06	-2.79345e-06	-0.00366947	-0.000292696
-0.000494087	3.97888e-05	6.53417e-05	-2.72273e-07	4.73483e-05	-0.00133393
-0.000346376	2.15581e-05	-4.26279e-05	1.84344e-06	0.00829793	0.000209762
-7.08494e-05	-2.31306e-05	-6.22779e-05	2.21205e-07	0.000821777	-0.00010529
1.0406e-05	-2.93229e-06	1.46278e-07	4.52302e-08	-0.00509282	-0.00123202
0.00029981	-5.79399e-05	5.44502e-05	1.77661e-06	-0.00279407	0.000787664
0.000348111	2.79706e-05	2.75379e-06	-7.16596e-07	-0.000498374	0.000771717
4.71628e-05	-1.81427e-05	5.02191e-05	1.41879e-06	-0.00606799	0.000715738
0.000294586	-4.20617e-05	-2.80233e-05	1.3411e-06	-0.005134	0.000975717
-0.000574581	6.50867e-06	3.07265e-05	-7.30426e-07	0.00796991	-0.00217082
-9.16234e-06	5.12997e-05	8.81031e-06	-7.83563e-07	-0.00564942	0.00102981
-0.00039441	-9.18909e-08	4.76757e-05	-3.82379e-07	5.93932e-05	-0.000316614
-0.000113724	-2.18002e-05	-4.90908e-05	4.51847e-07	-0.00503193	-0.00130556
-0.000239225	-2.81136e-05	-2.72148e-05	-5.06109e-07	0.00241843	-0.00102989
0.000183288	5.06093e-05	-3.92914e-05	3.62582e-06	-0.00210118	0.000604771
9.62448e-05	-2.91725e-05	-8.99589e-05	1.388e-06	0.000420137	-0.000605863
-0.000436953	-4.60338e-05	-2.57136e-06	1.28971e-06	-0.00448235	-0.00201592
4.35173e-05	5.25605e-05	2.58371e-05	9.94934e-07	0.000591984	-0.000612318
4.06729e-05	-3.29513e-05	-6.98522e-06	2.56877e-06	-0.000588524	-0.000625096
0.000168455	7.95193e-05	-5.09719e-05	6.96365e-07	0.00503933	-0.00114258
-0.000435088	5.46396e-05	-7.95118e-06	1.27548e-06	0.00127514	-0.00113692
-4.3781e-06	-2.82057e-05	2.69405e-05	3.71433e-07	0.00120659	8.31136e-05
0.000354452	-5.61121e-06	-7.32311e-07	-6.47876e-08	-0.00143154	0.000272561
2.73874e-05	5.72286e-05	-6.57351e-05	5.52316e-07	0.00321961	6.09901e-05
0.000206522	2.86774e-05	2.40487e-05	1.14622e-06	0.000844534	0.00362803
0.000230712	-4.5787e-05	7.54367e-06	2.46845e-07	-0.0056877	-0.00204236
-0.000249669	-4.03925e-06	7.14271e-06	-1.0768e-06	-0.00216909	-0.000735027
2.73742e-05	-4.44207e-05	-4.39659e-06	-1.65831e-06	0.00634556	-0.000778995
0.000430931	1.95672e-05	6.8864e-05	-1.67369e-06	-0.00204176	0.00282336
-3.3831e-05	3.70181e-05	-1.12744e-05	9.31649e-07	0.000407678	-0.00107591
-8.51606e-05	5.8389e-06	6.09938e-05	6.89916e-07	0.00203722	-4.8991e-05
-0.000175169	5.8232e-05	3.30025e-05	-1.41345e-06	-0.00328736	-0.000951545
0.000139016	1.76972e-05	4.90419e-05	-2.71866e-07	0.000237608	-0.000394381
-0.000242914	-3.77236e-05	3.71655e-05	-9.26783e-07	0.00449941	-0.00141913
7.01911e-05	5.56923e-06	-5.53929e-05	-2.36426e-06	0.0062528	0.00042454
0.00014502	-1.92962e-05	-2.10398e-05	1.81019e-06	0.00773433	-0.000644665
0.000249265	-6.86453e-05	9.73211e-06	1.91535e-07	-0.000904099	5.90388e-05
0.000104324	-2.45444e-05	2.52931e-05	-9.2568e-07	-0.00114846	-0.000728661
3.7349e-05	-2.70454e-05	5.70063e-05	1.02385e-06	-0.00228121	0.000945308
-4.28579e-05	2.42657e-05	3.36025e-05	-2.15235e-06	0.00103372	0.000242474
-7.82636e-05	4.49345e-05	1.21756e-05	1.33783e-07	-0.0035147	0.000122303
-0.000139212	-2.64236e-05	-1.55261e-05	-5.55447e-07	0.00366312	0.0014392
-0.000121427	-1.54753e-05	-5.13792e-05	4.88989e-07	-0.000453883	0.000240544
-8.78916e-05	6.83663e-06	-1.53913e-05	6.52727e-07	0.00601881	0.00101211
0.00010261	8.31418e-05	-8.43249e-06	9.81708e-07	-0.0018941	-0.000528552
0.000212146	-1.09961e-05	-4.12403e-05	-9.84135e-10	-0.00106464	0.000136267
-2.54227e-05	4.18897e-05	1.60153e-07	-1.02936e-07	0.000391618	-0.000694489
4.24591e-05	-5.3283e-05	3.36882e-05	-6.99374e-07	0.00541101	-0.00019314
-5.88879e-05	-3.78742e-05	3.32755e-05	2.83885e-07	-0.00131125	0.000170661
0.00022793	4.88835e-05	2.99737e-05	-2.58981e-07	-0.00457084	-0.000400225
-2.59783e-05	-5.05784e-05	5.38956e-05	-7.59283e-07	-0.000434492	-0.000216116
2.14186e-05	6.75409e-06	6.28163e-05	-2.31864e-06	-0.000379889	-3.7221e-05
-0.000281639	4.08035e-06	-2.98944e-05	-1.30787e-06	-0.000430726	-0.000592127
-7.76657e-05	2.35619e-05	5.26833e-05	2.56085e-06	0.00330635	0.000849162
-0.00052588	-1.18748e-05	-4.24843e-05	1.14591e-06	0.00427624	-0.000238476
0.000461994	1.51725e-05	-5.08086e-05	1.82664e-06	0.00711264	0.000791542
0.000150803	-3.81802e-05	6.51618e-06	8.58081e-07	0.000407156	0.00191672
0.000308364	-3.0587e-05	1.52279e-05	2.55057e-06	0.00761914	-0.000191172
7.26231e-05	-4.7077e-06	1.99151e-05	3.85602e-07	0.00112643	0.000486328
0.000308926	-9.08533e-06	2.83915e-05	-1.0268e-07	-0.00430786	0.000271712
5.97972e-05	-2.20024e-05	-3.50171e-05	-3.01289e-07	0.00237775	-0.000924791
2.19782e-05	-1.79467e-05	8.56577e-05	9.95136e-07	0.00159875	0.00119729
0.000117467	5.19689e-06	2.0588e-05	6.8394e-07	-0.00363858	-0.000144621
0.000241311	-7.54457e-05	-4.24811e-05	-2.82566e-06	-0.000887969	0.00293958
-1.7009e-05	4.76349e-05	-2.76768e-05	7.94249e-07	-0.00402127	-0.000909714
-0.000146787	-3.13668e-06	5.86706e-06	3.06553e-06	-0.00148825	0.000471607
0.00030904	-5.71357e-06	-5.66481e-05	1.0644e-06	-0.00404607	0.000794243
-6.05563e-05	-1.17877e-05	-3.78205e-05	-1.05675e-06	-0.00380891	0.000543005
0.000246148	4.65962e-07	-4.19308e-05	1.08555e-06	-0.00551982	0.000450513
0.000216654	-6.39467e-06	2.50604e-05	1.73776e-06	-0.000902451	0.000555423
-0.000100833	4.14922e-06	4.08346e-05	4.77903e-07	-0.00283763	-0.000661195
-2.04891e-05	2.69067e-05	4.53107e-05	-2.80782e-06	-0.00757526	0.000813215
2.37429e-05	3.78801e-05	3.51586e-05	8.76762e-07	0.00603373	-0.000203149
-9.26652e-05	-3.93435e-06	1.42189e-05	-4.76882e-07	0.00404081	-0.000444369
-0.000308036	2.21276e-05	1.1209e-05	-1.12357e-06	-0.00351367	-0.0012155
-0.000296373	-1.08318e-05	3.3288e-05	2.44116e-06	-0.000265365	0.00136498
0.000207213	2.04023e-05	6.91064e-05	-2.29217e-07	-0.000753728	-4.94953e-05
0.000260786	1.71957e-05	-3.83366e-05	1.32447e-06	0.00461215	0.00023184
4.62574e-06	-6.62927e-06	-2.61597e-05	1.34933e-07	-0.00291119	-0.00104104
0.00016085	-6.70418e-06	-2.9114e-05	-2.76122e-07	0.00147502	-0.00195656
0.000232556	2.85334e-05	-2.02034e-05	1.38093e-06	0.00150661	0.000751672
-0.000477312	4.80169e-05	-1.40376e-06	3.38501e-06	0.00141574	-0.00100196
-0.000149113	-2.77992e-05	-9.83105e-07	-4.80185e-09	0.00113943	-0.000731519
0.000275169	-5.43502e-05	6.16924e-05	-5.44061e-07	-0.00528295	-0.000963685
2.9561e-05	-1.29479e-06	-1.33426e-05	1.91246e-06	0.000404046	0.00061372
-3.69822e-06	9.37144e-06	-5.24129e-05	-1.62632e-06	0.000944568	-0.000727735
0.000225726	-7.51779e-06	-1.26603e-06	8.4846e-07	0.00270297	0.000935642
-0.000359767	4.19562e-05	-5.21536e-05	2.92618e-07	0.00326287	-0.000982974
0.000252739	9.43748e-06	1.69557e-06	-2.37434e-06	-0.00412648	0.000347733
-6.05223e-05	-1.21887e-05	1.90182e-05	-1.62066e-06	0.00117289	-0.000412332
1.00774e-05	1.80234e-05	-2.37934e-05	6.56835e-07	0.000342684	-0.000521863
-0.000252968	6.50926e-06	-2.66173e-05	-1.02512e-06	-0.000126844	0.000642654
0.000102151	1.9462e-05	-2.03152e-05	1.85199e-06	-0.0018612	-0.000912542
9.67676e-06	-5.116e-06	-1.80113e-05	-3.32464e-06	-0.00127102	0.00122807
-1.21392e-05	-4.5869e-06	-2.64458e-05	-5.94178e-07	0.00134287	3.709e-05
0.000138291	-8.77661e-06	6.75867e-06	3.16672e-06	0.000825473	-0.00122456
7.5985e-05	-4.38437e-05	1.90141e-05	9.34421e-07	0.00243318	0.000418513
-0.000119493	-1.00648e-06	-4.70504e-06	2.50441e-06	0.0024346	0.000575383
-0.000311421	-4.40495e-05	5.87858e-05	4.31625e-07	-0.00128669	-0.000471968
2.49378e-05	-4.28422e-07	-2.97521e-05	-2.46921e-06	-0.00396717	0.000197962
-2.57352e-05	3.19735e-05	-8.75592e-05	6.60032e-08	-0.00206848	-0.00240505
-0.000189592	4.0953e-05	3.48406e-05	3.16913e-08	0.00157329	-0.00223121
-0.000210156	2.67155e-05	1.40041e-05	-6.64911e-08	0.00286124	-0.000678522
0.000169791	3.00242e-05	1.40174e-05	-2.73389e-07	-0.00452922	-0.000116591
-8.36687e-05	6.37572e-05	-8.35259e-05	-5.10294e-07	0.00112222	-0.000747692
6.62642e-05	9.71786e-06	3.84629e-05	-1.25519e-06	0.00733816	8.58292e-05
-0.000132879	2.72129e-05	6.41516e-07	-1.02597e-06	0.000600042	0.000239035
-0.000180948	2.11801e-05	-7.22483e-06	-7.54508e-07	0.00109656	-0.00117117
-0.0002238	6.75948e-06	-8.96993e-05	-7.35656e-07	-0.00198887	-0.00250071
-0.000103549	5.51156e-05	-8.85591e-07	2.82661e-07	-0.00662919	-0.0016885
-0.000253347	-8.75042e-06	-3.57709e-05	1.05416e-06	-0.00445644	-0.0015645
-9.79668e-05	-4.51589e-05	5.86728e-06	-2.43064e-07	0.0026102	0.000375036
7.70705e-05	7.54428e-05	-1.18705e-05	1.13398e-06	-0.00389856	0.000223061
8.08144e-05	-6.81147e-07	2.29597e-05	7.59872e-07	0.00382906	-0.000806827
-0.000122149	3.39876e-05	6.7889e-06	1.04132e-06	0.00564852	-0.000511485
-2.71036e-05	-5.67383e-05	7.11107e-05	-3.94347e-07	-0.00569518	0.000730458
1.58236e-05	-2.96852e-05	-6.26631e-06	1.14797e-06	-0.000907677	-0.00095777
9.66269e-05	-5.0238e-06	2.90073e-05	2.29734e-06	0.00163004	7.0711e-05
0.000162371	-0.000104082	2.13265e-05	1.21007e-06	-0.00429539	0.00284891
0.000220924	-1.06845e-05	2.35185e-05	2.39825e-06	-0.00281797	0.000356084
2.23575e-05	-8.83102e-05	8.88886e-05	3.45224e-07	0.00413888	0.000118224
-4.76678e-05	1.86266e-05	3.70433e-05	-1.55345e-06	-0.00197222	-0.000444593
0.000187227	-3.08849e-06	-8.4753e-06	-3.08572e-06	0.003974	1.2865e-05
-0.000288018	-2.7087e-06	-4.18871e-05	1.65629e-08	0.000685954	-0.000890439
-0.000100058	-4.45962e-07	2.8246e-05	5.46679e-07	0.000210237	0.00117766
-0.000236651	2.98131e-06	-3.33251e-05	5.60648e-07	-0.0095531	-0.00263263
0.000231891	1.54138e-05	4.3237e-05	2.21313e-06	0.00640645	0.000261238
-0.000100558	-5.22058e-05	-1.43959e-05	1.61189e-06	-0.0043521	-0.00100065
-0.000678628	1.5163e-05	-2.63201e-05	-1.51928e-06	-0.00527752	-0.00244811
9.07507e-06	9.01682e-05	6.04664e-05	7.07377e-07	0.00204819	-0.000194236
-0.000545267	6.68356e-05	3.14972e-05	-1.8733e-06	-0.00323163	-0.00124006
-4.09737e-05	-8.89173e-05	1.51075e-05	-1.17164e-06	-0.00175391	0.000286581
0.000357728	9.22292e-06	1.10887e-05	-7.23309e-07	-0.000677062	0.000672469
-0.000219791	-3.44335e-05	-2.09432e-05	-4.42801e-07	0.00677212	5.69433e-05
0.000367646	3.89442e-06	9.28207e-07	1.12023e-06	0.00117478	0.000282118
-1.11175e-05	2.00434e-06	-1.09653e-05	-1.10782e-06	-0.006464	0.000825401
-2.90278e-05	-4.72635e-06	5.55554e-05	-6.35507e-08	-0.00535936	-0.00144482
-2.61547e-05	1.42955e-05	-3.0654e-06	3.84702e-07	-0.00028132	0.000336066
0.000139048	3.87583e-05	4.9582e-05	-4.91908e-07	0.00289026	0.0013894
-0.000132175	1.00807e-05	5.49438e-05	-6.57584e-07	0.000326328	-0.000172575
-0.000126966	-1.27053e-05	-5.32647e-05	-1.07012e-07	-0.00276329	-0.000632757
-5.15813e-05	-8.7132e-05	2.94838e-05	-9.82107e-07	-0.0010779	0.00103501
8.93108e-05	1.29517e-05	-4.74166e-06	-7.95608e-07	-0.000501313	0.000974591
0.000403382	2.52183e-05	-6.63312e-08	1.09578e-06	0.00106066	0.00114028
-0.000357168	-7.99814e-06	-7.36672e-05	-2.99473e-06	0.00109691	-0.000760835
0.000319958	-1.87244e-05	-6.80759e-05	1.05979e-06	-0.00234193	0.000169328
8.35193e-05	2.92586e-05	1.58873e-05	1.30058e-06	-0.00100266	0.000316061
-3.47937e-05	1.2959e-06	-3.40298e-05	-1.23361e-07	0.000305829	-0.000713763
-2.48714e-05	1.42861e-05	7.05972e-06	2.99268e-08	0.000548217	-0.000377814
0.000284444	-3.16591e-05	-1.48857e-05	2.37942e-06	0.00182548	-0.000216941
0.000181385	-1.49549e-06	-8.70372e-05	2.08246e-06	-0.00122328	0.000873759
0.00038741	-1.27887e-05	2.7399e-05	-5.14393e-07	-0.00389756	0.000570063
0.000359468	4.01859e-05	3.35449e-05	2.52753e-06	0.00303211	0.00208915
5.02089e-05	-3.68538e-05	-4.00212e-05	-1.10379e-07	-0.0021764	-0.00102955
4.35504e-05	5.54811e-05	2.9206e-05	-2.06178e-06	-0.00284709	0.000181352
-0.000109561	5.94624e-05	-1.79913e-06	1.04693e-06	0.00474674	0.00128989
-0.00022131	2.40094e-05	-6.62123e-06	1.06742e-06	-0.000549587	-0.000965038
-3.41193e-05	-1.82397e-05	-2.89646e-05	2.13628e-06	0.00153801	-0.000715385
-0.000299791	-2.33944e-05	-2.77049e-05	-5.34896e-07	0.00393756	0.000978799
2.40212e-05	1.88302e-05	1.15147e-05	1.10323e-06	0.000604141	0.000860677
0.000219079	-1.13978e-06	4.92071e-05	-4.8538e-07	-0.000526342	0.00144172
6.55626e-05	-1.78117e-05	2.64595e-05	-9.93533e-09	-0.00222067	0.000525325
-0.000487708	-3.41585e-05	-7.98028e-05	7.31584e-07	-0.00222113	-0.000445331
8.40937e-05	-3.34842e-06	6.4478e-05	-1.44346e-06	-0.000605752	0.00144156
0.00021336	3.27389e-05	1.92914e-05	3.32862e-07	0.000373928	0.00127491
6.12573e-05	7.87307e-06	5.0773e-06	-2.66251e-07	0.00442789	-0.00083839
5.42867e-05	-1.55747e-05	4.69068e-05	-6.3433e-08	0.00175587	0.000227813
-0.000217692	-1.27469e-05	-4.64676e-06	-3.41068e-06	0.00437289	-0.00169873
7.18579e-06	-5.62234e-05	2.87487e-06	-3.27709e-07	-0.00208548	-0.000585693
0.000403805	-2.76976e-05	1.03579e-05	1.77401e-06	-0.000806863	0.00164839
-0.000157552	2.08197e-05	-3.10455e-05	1.53719e-06	-0.000531768	-0.000222127
8.50755e-05	4.78898e-05	-1.32299e-05	-5.60891e-07	0.00268144	0.000193416
0.00020688	4.52378e-06	-2.02654e-05	2.45286e-06	-0.0036734	0.00108875
-0.000101441	3.61684e-05	7.67322e-05	-5.63279e-07	-0.000933801	-0.000171242
-0.00015048	-5.80969e-05	-8.76702e-05	-5.77916e-07	0.000625188	-0.00102411
0.000352688	3.98572e-05	-5.41472e-05	-1.82413e-06	-0.0045311	0.00224078
-0.000127498	-4.20848e-05	1.65819e-05	1.55071e-06	0.0035787	-0.000710086
6.64405e-05	-5.77596e-06	-4.75867e-05	9.47662e-07	0.00536792	0.000379345
-1.37061e-05	-2.27267e-05	7.31889e-06	9.88066e-07	-0.00317216	0.000805361
0.000333089	-3.08761e-05	1.33519e-05	3.32338e-06	0.00296239	0.000286079
-0.000179606	-5.02703e-05	2.1737e-05	-6.88429e-07	-0.00240604	-0.000151454
-0.000335608	6.88628e-05	-3.66002e-05	-1.80878e-06	0.00413601	0.000187625
-8.434e-05	3.61401e-05	-1.46984e-05	-5.90281e-07	-0.00148253	-0.000430089
-4.31952e-05	-3.89855e-06	3.61306e-05	5.12984e-07	0.00297959	-5.92946e-05
-9.25781e-05	3.10008e-05	-1.03225e-05	-1.48836e-06	-0.00373254	-0.00162849
-5.65724e-06	-2.60004e-05	5.75073e-05	2.98834e-08	-0.00237237	0.000359892
-9.35471e-05	-1.55635e-05	-2.11172e-05	2.52531e-06	-0.00377922	-0.000506771
-0.000512345	5.41233e-05	-7.45887e-05	-2.67729e-07	-0.00461017	-0.00133974
0.000139748	6.51441e-06	3.61633e-05	-2.12048e-06	-0.00114427	0.00151317
-4.1389e-05	-3.05272e-05	-5.30494e-07	-7.36317e-07	-0.003774	-0.00146202
0.000173071	-3.85025e-05	-4.07302e-06	-2.93448e-07	0.000390658	0.00099161
0.00013658	1.09547e-05	-4.55043e-05	-1.33441e-06	-0.0075518	0.00178926
-3.29006e-05	-1.10568e-05	3.11796e-05	1.00157e-06	1.24939e-05	0.00114426
0.00011912	3.12498e-05	9.25019e-05	3.75673e-07	0.00240411	0.000438197
-1.88838e-05	8.84028e-05	3.25868e-05	-2.03503e-06	-0.00380306	0.000872272
0.000318048	4.33312e-05	-2.81308e-06	-3.67702e-07	0.00331628	0.000966039
0.000127753	3.62127e-05	2.47676e-06	3.29152e-06	-0.000812115	-0.00129536
0.000249119	1.5824e-06	-5.91519e-05	1.05727e-06	-0.0018196	0.00260767
0.000523379	-2.3336e-05	-2.11582e-05	7.93044e-07	-0.0086164	0.00259481
-4.7255e-05	-2.52989e-05	-2.98537e-05	1.58732e-06	-0.000426621	-0.00149832
-0.000131478	-4.56395e-06	-5.72606e-05	8.13194e-08	-0.00504999	-0.00106265
-7.48664e-05	3.68611e-06	1.95227e-05	-9.69712e-07	0.00184325	-0.000415
6.91912e-06	-9.52893e-06	7.52779e-06	-1.25772e-06	0.00219326	-0.000216521
0.000108885	2.30097e-05	5.8024e-05	-2.54471e-06	0.000754786	0.000139226
2.90009e-05	-1.8509e-05	-1.32435e-05	-1.22294e-06	-0.00216023	0.000229769
-7.10341e-06	-2.43123e-06	-4.92054e-05	3.00407e-07	-0.00070034	0.000345733
-1.14209e-05	-1.39094e-05	2.1185e-05	2.08403e-08	0.00247376	-0.00132493
0.000439809	7.85253e-06	4.95486e-05	-4.29315e-07	0.00447039	0.000131607
0.000306394	-5.77531e-06	-3.12308e-05	1.06434e-06	-0.00255923	0.000432266
0.00014423	2.56255e-05	-9.40367e-05	1.0188e-07	0.00100923	0.000304056
0.000415827	-1.86158e-05	5.30147e-06	-2.60974e-06	-0.0054439	0.000745168
-0.000231803	2.26828e-05	-8.76076e-06	1.05623e-06	0.00175914	-0.0021189
0.000295111	-2.34111e-06	-5.34893e-05	6.4204e-08	0.00457896	0.000761711
-2.62561e-06	8.56226e-07	1.7039e-05	4.61976e-07	-0.000524944	-0.000635069
-0.000356196	1.03947e-05	3.35194e-06	-1.00628e-07	-0.003492	-0.000699113
-5.71656e-05	-9.2673e-06	1.53015e-05	5.10947e-08	0.00286452	0.00065965
0.000179578	4.67432e-05	6.44053e-06	-1.32668e-06	0.000948561	0.00140718
-1.80591e-06	6.51785e-05	-1.03251e-05	-3.68971e-07	-0.0040375	-1.72365e-06
-0.000216236	4.8782e-05	-5.99034e-05	-7.33857e-07	-0.00184228	-0.000455657
0.000203375	1.82834e-05	-4.71393e-05	-1.02364e-06	-0.00156466	-0.00016142
5.73511e-05	9.64752e-06	5.00841e-05	-7.24518e-07	-0.00262998	-0.00130632
0.000262419	5.7129e-06	-3.68157e-05	4.57184e-07	0.00286512	0.00158844
-0.000203703	7.42262e-06	-3.1168e-05	2.60885e-07	0.0014243	-0.000482225
-2.73771e-06	2.87284e-05	-2.34858e-05	-2.77119e-06	0.0019447	-1.47555e-05
-5.36373e-05	3.04897e-06	-2.06396e-05	-6.74319e-07	-0.00460274	-0.00232987
0.000115908	1.38186e-05	5.03864e-05	1.39017e-06	0.00495549	0.000793557
-0.0004944	-1.59904e-05	-3.97301e-05	-2.87125e-08	0.00640583	-0.000406789
2.41169e-05	3.17703e-05	1.059e-05	4.8281e-07	0.000237995	-0.00123272
-8.3145e-05	-4.53072e-06	-4.25765e-05	-2.12418e-07	-0.000186842	-0.00260266
0.000278875	-3.69514e-05	6.56534e-05	-5.08067e-07	0.00514682	0.000356974
0.000146485	2.37818e-06	3.58388e-05	5.71475e-07	0.00286694	0.0025774
-1.65433e-05	2.31412e-06	-3.12005e-05	1.43092e-06	0.00068337	0.000836728
-0.000120795	-1.42886e-05	3.35619e-05	-3.50361e-06	0.00101846	-0.00195268
-0.000225088	4.21672e-05	-8.02333e-05	3.81666e-08	0.000780161	0.000950522
-6.18052e-05	-1.35544e-05	3.05438e-05	-1.80665e-06	0.00343818	0.00193936
0.000178195	6.04642e-05	5.66035e-05	-1.19029e-06	0.00164563	0.000669656
0.000310612	2.84545e-05	5.91165e-05	2.03007e-06	-0.000393272	0.000829931
0.000348352	4.06165e-05	-7.48979e-07	-2.34296e-06	-0.000692477	-0.000991937
0.000333178	-5.0596e-05	2.35582e-05	-8.11017e-08	-0.00107843	0.00134923
-0.000129188	2.3338e-05	-2.45242e-05	-1.21176e-06	0.00135854	-0.000496196
4.44833e-06	-4.43819e-05	-1.94687e-05	-4.77556e-07	-0.00213901	0.000103466
-0.000299413	1.69663e-05	4.66471e-05	2.03702e-06	0.00325628	-0.000656531
-0.000112235	-6.20363e-05	-1.55539e-05	-1.08061e-06	-0.00101071	-0.00126378
-7.6846e-08	7.71497e-07	-1.30915e-05	-8.61369e-07	-0.000159747	0.000835551
-1.91384e-05	5.18531e-07	-2.59924e-05	3.11576e-06	-0.0024635	0.00106793
-0.000204776	-1.92707e-05	3.84741e-05	1.94773e-06	-0.00352093	-0.00190733
3.11141e-05	1.07777e-05	2.27847e-05	-3.8683e-07	0.00103572	-0.00147832
-0.00018554	-2.75037e-05	9.83279e-05	-1.04662e-06	0.00166956	4.56545e-05
-0.000326792	-5.27133e-05	-5.39018e-06	-3.60612e-07	-0.00166566	-0.00122908
-0.000279663	-5.78982e-05	-2.0553e-05	-1.16924e-06	-0.00305753	-0.000242318
0.000208075	6.40261e-06	6.43935e-06	-1.87561e-06	0.000160399	-0.000118346
3.76714e-05	3.60248e-06	6.60744e-05	-2.98526e-06	-0.00550738	0.00100976
-1.12042e-05	4.00937e-05	-4.53999e-05	1.15384e-07	-0.000737554	0.000891129
-2.34614e-05	-2.39329e-05	-1.11673e-05	-9.85957e-07	0.00428438	-0.000896157
0.000111237	-3.1814e-06	-3.64184e-05	4.30106e-07	0.00301785	0.000427542
0.000161744	2.38739e-05	2.60629e-05	1.55793e-06	-0.00784132	-0.00032836
-0.000371955	3.08301e-05	-3.75885e-05	-1.33074e-06	0.000583734	-0.000564127
0.000352026	-4.94146e-05	-5.70123e-05	1.19265e-06	-0.00303165	0.00128414
-0.000194648	-3.78092e-05	-2.43382e-06	1.68616e-06	0.00605476	-0.000378107
-6.00664e-05	4.68906e-05	4.92612e-05	-8.56941e-07	0.000439127	-0.00100231
7.08879e-06	-3.96151e-07	2.52149e-05	1.07373e-06	-0.0022927	-0.00127654
-2.7089e-05	1.31417e-05	1.71018e-05	1.08855e-08	0.00698435	-0.00118245
5.41535e-05	-5.11917e-05	-3.64861e-05	-2.4269e-06	-0.00150026	-0.000205305
0.000185667	1.24822e-05	0.000127061	-3.39337e-07	0.00619383	-0.0011881
6.96964e-05	3.94768e-05	1.01343e-05	2.69908e-07	0.00669498	8.24956e-05
-0.000248683	4.48527e-05	4.5677e-05	-1.12689e-07	-0.00309705	-0.000642849
0.000203528	-3.14058e-05	-1.84894e-05	-8.39208e-07	-0.000911502	0.000819638
4.72948e-06	5.94567e-06	-6.83214e-06	2.20758e-07	-0.00836538	-0.000477161
7.00571e-05	-1.82711e-05	8.23623e-05	-6.75099e-07	-0.00371763	0.000772739
-0.000173161	7.77807e-05	-3.93934e-05	3.86711e-07	-0.00285368	0.000633958
6.86975e-05	1.16371e-05	2.0478e-05	-5.33872e-07	0.00459403	0.00122349
4.07517e-05	-9.85599e-06	-3.48356e-05	-7.09521e-07	-0.000884211	0.000742703
-0.000185295	3.1632e-05	-1.66989e-05	1.74674e-06	-0.00554664	0.00149762
0.000211933	-2.14998e-05	5.41694e-05	-5.02126e-07	-0.00757304	4.02538e-05
-0.000204909	4.31907e-05	1.59465e-05	-2.05031e-06	-0.000256939	-0.000204283
-0.000138216	-9.01626e-05	-7.97165e-06	-7.38123e-07	-0.00226964	0.000592255
-4.17983e-05	4.19119e-05	8.53071e-05	-6.33516e-07	-0.000374758	-0.0005386
-0.000309982	-9.12434e-06	-2.51018e-06	1.06797e-06	0.0016853	-0.000748939
0.000338082	1.32585e-06	-1.40051e-06	-1.1828e-06	-0.00132771	0.00041613
0.000221764	2.52323e-05	6.16026e-05	9.65377e-07	-0.00283391	0.00118874
-0.000109695	-1.00608e-05	8.8234e-07	5.4114e-07	0.00244905	0.000606685
-5.03184e-05	1.82078e-05	3.31235e-05	5.58638e-07	0.00224614	9.16914e-05
2.31867e-05	1.35051e-06	2.64707e-06	-8.94497e-07	-0.00396895	-0.000960694
-5.56736e-06	3.58771e-05	-2.76797e-05	1.61063e-06	0.000415113	-2.72517e-07
-0.000165943	3.94154e-05	-3.05055e-05	-2.97721e-07	-0.00301382	-0.000465185
0.00017649	-3.65987e-05	1.87759e-05	1.08179e-06	-0.00239786	0.000203466
9.42462e-06	-2.68117e-05	-1.4987e-05	-1.15339e-06	0.000513595	-0.000480296
-0.000102396	3.51614e-06	-6.01798e-05	-3.09386e-06	0.00563919	-0.000541988
7.55587e-06	-1.14316e-06	-1.2143e-06	-2.30346e-06	-0.00461551	0.000103512
0.000373994	3.05339e-05	4.12785e-05	-1.59575e-06	-0.000848055	0.000703448
-5.35003e-05	2.78372e-05	5.75096e-05	-1.76622e-07	-0.0010908	-0.000800106
0.000230648	4.57456e-07	-4.97941e-05	-7.13959e-08	0.00341057	0.00213311
0.000155439	3.12397e-05	6.67434e-06	-1.0403e-06	-0.00389625	0.000858225
0.00039192	-1.65131e-05	2.37222e-05	-1.60336e-06	0.00463402	-0.000839407
-0.000227762	-2.03215e-05	-5.54929e-06	-4.08154e-07	-0.00555324	0.000340709
1.83172e-05	-2.38259e-05	-7.04393e-05	-1.35665e-06	0.00320084	-0.00178972
0.000170114	1.52157e-05	3.71362e-05	9.57287e-07	0.00046508	0.000992987
-0.000108808	3.19213e-05	3.23547e-05	4.56909e-07	-0.00110236	0.00296343
-3.71231e-05	-4.29995e-05	-1.17422e-05	-1.48732e-06	0.00297663	-0.000510633
0.000401675	9.26255e-06	-3.74924e-05	-6.44027e-07	0.00254562	0.00140076
7.75228e-05	-2.14498e-05	5.2025e-05	-4.85943e-07	0.00176859	0.00124917
3.00823e-05	-5.60578e-05	3.55149e-05	2.71763e-06	-0.00590341	0.000474274
-0.000345419	2.53912e-05	-3.27539e-05	-9.99038e-09	-0.000206956	-0.000327586
8.67756e-05	-3.23892e-05	1.58817e-06	5.88211e-07	0.00372408	-0.000688996
7.47343e-05	-2.947e-06	-3.84833e-05	1.37198e-07	-0.00370875	-0.000639228
-7.50534e-05	2.17563e-05	2.00165e-05	5.07276e-07	0.00608662	-6.07611e-05
0.000211133	3.44572e-05	3.39661e-05	7.02957e-07	-0.00158785	0.00182006
-0.000121261	3.2257e-05	-9.80568e-06	-1.45447e-06	-0.00153781	0.000716694
0.000324443	-4.21031e-05	-3.97342e-05	8.59728e-07	0.00658451	-9.63964e-05
0.000675112	-1.91013e-05	-2.09687e-05	7.04604e-07	0.000295823	0.000235032
0.000323461	1.79961e-05	1.76671e-05	2.53214e-06	-0.00340733	0.00123468
-5.34735e-05	3.97831e-05	4.81003e-06	-5.98528e-07	0.00428306	0.000240309
-0.00012525	-7.94706e-06	-6.74779e-06	5.30637e-07	0.00615097	-0.00102408
0.00040304	-2.35055e-05	-1.07854e-05	2.25691e-07	0.00104103	-8.87917e-06
-7.89433e-05	-3.36241e-05	-4.17579e-05	6.63832e-07	0.00127614	-0.00117848
2.7944e-06	5.54188e-05	-3.21597e-05	-8.62509e-07	0.00442648	0.000578894
5.64472e-05	3.84563e-05	-3.11924e-05	1.3074e-06	-0.00480007	0.00082397
-0.000167734	1.74705e-05	-3.89015e-05	-1.74758e-06	-0.00154364	-0.000715046
0.000157393	-4.17856e-05	-5.52013e-05	-3.16946e-07	-0.00336672	-0.000701417
-4.66066e-05	-2.97021e-05	-7.7375e-06	-5.93827e-07	0.00233233	-0.000754535
0.00030445	1.15869e-05	8.99651e-05	-4.79383e-07	-0.00150168	0.00177559
4.86068e-05	2.05023e-05	3.37506e-05	1.0252e-06	0.00640578	0.00050627
-0.000175695	-2.13025e-05	-1.72892e-05	-3.9186e-06	-0.00498479	-0.00222993
-9.7202e-05	-8.98709e-06	-2.75173e-05	1.02437e-06	0.00277461	-0.000888126
0.000119072	3.19569e-05	-2.59319e-05	2.2385e-06	6.53245e-05	0.000993957
-0.000131433	2.03624e-05	7.77927e-05	1.61505e-07	-2.08761e-05	0.00069383
0.000162734	-1.66523e-05	9.00962e-05	1.77031e-06	0.00124843	7.44341e-05
0.000208606	-2.58267e-05	7.77258e-05	-8.31626e-07	-0.00450553	0.00020325
0.000391637	-3.59061e-05	0.000110211	1.92777e-06	0.00114045	0.00112826
0.000339913	-8.80783e-06	3.28498e-05	1.15295e-06	0.00622012	0.00128303
0.000198447	-6.95857e-06	8.90852e-05	-6.52966e-07	-0.00123216	0.00135525
-6.96763e-05	-7.29855e-06	3.34063e-05	-9.36236e-07	-0.00119863	0.000268192
0.000189052	-7.31322e-07	-6.68815e-05	1.29474e-06	-0.00696148	0.000375431
-0.000279268	-2.8104e-06	4.06765e-05	1.86189e-07	-0.00111696	-0.00109738
0.000260018	-3.03487e-05	-1.58655e-05	1.94821e-07	0.00196348	0.000368101
0.000163269	4.93066e-06	-7.79744e-05	1.31196e-06	-0.00153504	5.08752e-05
-0.000343432	2.40952e-05	3.13323e-05	-2.44768e-07	-0.000355052	-0.00237636
0.000556736	-3.70935e-05	4.72981e-05	-1.03472e-06	0.00220837	-1.92943e-05
-0.000458079	6.63125e-05	3.36903e-05	-1.04472e-06	-0.00263482	-0.000782661
0.000350254	5.83104e-05	9.65607e-06	-7.86079e-07	-0.00231086	0.000441857
0.000125257	5.24423e-06	-1.53906e-05	-1.59393e-06	0.00240528	0.00029199
-0.000112816	8.21993e-06	1.78629e-05	-1.59758e-06	-0.00629092	7.04687e-05
5.29795e-05	-6.16718e-05	3.41764e-05	6.46823e-07	-0.00629763	0.000849285
1.72575e-05	2.7859e-05	1.74482e-05	3.37812e-07	-0.00180592	-0.000461443
8.77278e-06	6.9044e-06	-3.29442e-05	-6.8674e-07	0.00226378	-0.00140464
-0.000285059	9.43718e-06	8.33792e-05	6.69185e-07	-0.000452883	-0.00186384
0.000131744	-6.47204e-06	6.54872e-06	2.03334e-06	-0.00254555	0.000104064
0.000182226	4.11239e-05	-2.1237e-05	2.2145e-06	0.00360545	0.000783091
0.00011284	2.82359e-05	1.00846e-05	1.32112e-06	0.00696515	0.00126078
-0.00039027	-3.05327e-06	5.56361e-06	1.24308e-07	0.00161391	-0.000528511
-3.40239e-05	-7.71559e-07	1.31751e-06	1.26257e-06	-0.000930937	0.000395025
0.000450159	2.03946e-05	6.15757e-05	8.52889e-07	0.00179889	0.00209477
-9.0859e-05	3.90237e-05	-5.62946e-05	2.31811e-06	-0.0043677	0.000370154
-8.75977e-05	-2.70108e-05	-3.52092e-06	5.17637e-07	-0.0068177	-0.000580098
-3.76666e-05	2.2785e-05	-1.53567e-05	7.396e-07	0.00247231	0.00100003
4.19183e-05	-2.77372e-05	1.33811e-05	-1.08651e-06	-0.00713708	0.000492562
-0.000150599	-6.66286e-05	1.96093e-05	8.12777e-07	0.00213698	0.000148512
0.000391443	-2.13621e-05	9.65698e-06	1.36761e-06	0.0028078	0.000318795
0.000215205	4.75989e-06	-1.92773e-05	8.07116e-08	-0.000414721	0.00194585
0.00021399	5.03444e-05	-1.60293e-05	1.04501e-06	0.000544329	0.0012535
-0.000179468	-3.02571e-05	4.32212e-07	1.79535e-06	-0.00477901	-0.00034697
0.000178675	-2.20826e-05	5.13135e-06	1.17059e-06	-0.00154227	3.38987e-05
-2.82269e-05	-5.42174e-05	2.18442e-05	1.43144e-06	0.00280203	-0.000510023
0.000182798	3.46056e-07	3.17593e-05	-2.60947e-06	-0.00360625	3.31986e-05
-0.000238638	-3.50217e-05	-3.89877e-05	-1.72755e-06	-0.000619555	-0.00144803
-3.24335e-05	-2.57242e-05	6.33604e-07	-9.86971e-07	-0.00138662	0.000353665
-9.29482e-05	-5.55219e-05	6.2906e-06	1.83987e-06	-0.00343522	-0.00022983
0.000120788	-2.38914e-05	6.00998e-05	-6.53371e-07	0.000816318	0.000721845
6.39579e-05	2.95054e-05	1.05487e-05	1.0576e-06	-0.00350627	0.000954416
9.95725e-05	-6.45387e-05	2.92082e-05	-2.12461e-06	-0.002339	0.000307137
-7.42642e-05	6.62704e-06	9.67516e-05	5.54673e-07	0.00330939	-0.000595991
-1.4869e-05	-1.6865e-05	-6.26965e-06	2.4586e-06	0.00398343	-0.00042553
-8.81988e-05	2.41594e-05	-1.43239e-05	2.73013e-08	0.00368751	-0.000979474
-6.55195e-05	4.43371e-05	4.83025e-05	-3.89969e-07	0.00120369	-0.000182029
-9.28622e-05	2.17038e-05	-3.53782e-05	1.31717e-06	0.000698334	-0.000951715
3.53288e-05	-4.67434e-05	1.93519e-05	3.18726e-06	-0.00482345	0.000169965
0.000139384	6.22804e-05	-2.01891e-05	8.96723e-07	0.00472531	-0.000591073
9.08228e-05	5.32805e-05	2.06032e-06	1.53852e-06	-0.00481426	-3.35394e-05
-0.000198783	-0.000120431	7.21359e-06	1.77746e-06	0.00336079	0.000324249
0.000383398	-2.70736e-05	-9.34982e-06	-1.01218e-06	0.00676828	0.000961841
-0.00028883	7.92693e-05	3.12224e-05	2.66777e-07	-0.00441265	-0.000444072
-9.21765e-05	4.0588e-06	2.35419e-05	-9.62992e-07	-0.00351028	-4.12766e-05
-0.000225306	2.18112e-05	-2.48259e-05	2.39844e-06	0.00491406	0.000462791
-0.000166263	1.84415e-05	-4.44961e-05	-1.27016e-06	-0.00215827	-0.00202407
4.18687e-05	-4.12797e-05	5.20882e-05	4.377e-07	0.0010193	-0.000416567
0.000176965	-3.729e-05	9.69491e-05	-3.59799e-07	0.00541715	-0.000333926
0.000191851	1.94169e-06	1.88319e-05	1.84947e-06	-0.0034711	0.00141013
0.000226812	3.07968e-05	-4.07693e-05	1.44175e-06	0.00588924	-0.000159797
-7.17932e-06	5.75411e-05	-8.42372e-05	-4.87313e-07	0.00138335	-0.00091126
-0.000208732	1.58214e-05	-2.62967e-05	5.1998e-07	0.000870649	0.00044168
0.000360694	-2.77279e-05	5.59993e-05	-6.91829e-07	-0.00216518	0.000159352
-0.000380567	8.27421e-06	8.58655e-05	3.23683e-07	-0.00185949	-0.000778965
0.000355784	2.89343e-05	8.94312e-06	-1.13921e-06	0.00501713	-0.00027425
-0.000281768	1.03737e-06	-7.7722e-05	-2.11338e-07	0.00382994	-0.000608534
-1.14089e-06	-9.68991e-06	-5.68507e-06	-7.48695e-07	-0.00616183	0.000810957
8.7719e-05	-1.27627e-05	-6.97995e-05	2.18252e-06	0.00216814	-1.20314e-05
0.000133413	2.11386e-05	5.70214e-05	-7.79241e-07	0.00228216	0.000347544
-0.000156477	-2.91537e-05	-3.10249e-05	-9.63347e-07	0.000243595	-0.000275687
0.000171419	-2.69271e-05	4.90583e-05	5.5149e-07	0.00240903	0.000185726
-3.81926e-05	-7.12158e-06	-2.94274e-05	6.09119e-07	-0.00260735	-0.000893676
-0.000292363	5.94328e-06	1.51958e-05	1.03356e-06	0.000628251	-0.00187261
0.000245672	3.28257e-05	2.94235e-05	-1.94777e-06	-0.00314486	0.00111456
-0.000137722	-7.52814e-05	-2.01209e-05	4.53673e-07	0.00137362	-0.00054988
9.67166e-05	-1.54695e-05	9.85549e-05	-2.96278e-08	0.00430177	3.64817e-05
-0.000201051	-2.51812e-05	2.63773e-05	-3.10528e-06	0.0011335	-0.000984625
0.000273984	-3.02851e-05	1.7451e-05	-1.73701e-07	0.00438201	0.00099765
0.000307563	7.37927e-05	-1.24202e-05	2.00469e-06	0.000501978	-0.000325873
-0.000114906	-3.30695e-05	-4.60653e-07	-1.52362e-07	-0.00368769	-9.42592e-05
-0.000297171	-5.64554e-05	8.69669e-05	-4.38515e-07	0.00299445	-0.000630667
7.92902e-05	4.01588e-05	3.28684e-05	1.25005e-07	-0.000363374	-0.000938575
6.23471e-05	2.07825e-05	-3.47163e-05	-2.97791e-06	0.00236113	-0.000381323
-0.000296322	-2.10205e-05	-4.18728e-05	2.97155e-06	-0.00162528	-0.000978622
-6.18749e-05	6.63878e-05	-1.1857e-05	1.49157e-07	0.00473959	0.00142078
0.000156025	9.00842e-06	-1.31253e-05	3.96795e-06	0.00291997	0.000796837
0.000260613	1.49172e-05	3.95421e-05	7.77361e-07	0.00185252	0.000223318
7.2723e-05	9.83208e-06	-5.58406e-05	-4.88234e-07	0.00106775	-0.0014131
0.000215103	1.01831e-05	2.82036e-05	-1.17809e-06	-0.00401256	0.00149504
-0.000131006	1.37471e-05	3.89952e-05	6.76511e-07	-0.000496197	9.02774e-05
-3.47731e-05	-1.78458e-05	-2.76925e-05	7.34531e-07	-0.00262101	0.000478984
0.000201687	4.97716e-05	-3.29648e-06	-1.57094e-06	0.0016197	0.000872523
0.000396001	-1.83717e-05	-8.1658e-05	5.45184e-07	-0.00425629	0.00106506
3.97587e-05	-8.48244e-06	-3.44208e-05	4.93526e-07	0.00160093	0.000843788
-0.000532666	8.74535e-06	2.42591e-06	5.42085e-07	-0.00904461	-0.00156965
3.59717e-06	1.59961e-05	1.76954e-05	-1.44603e-06	0.00372197	-0.00084175
-0.000383287	2.37091e-05	-1.20313e-05	1.14953e-06	0.000873989	-0.000236624
2.65579e-05	5.66831e-05	-5.46154e-06	1.57965e-06	0.00392795	-8.70668e-05
0.000399849	-1.52425e-05	-2.28927e-05	2.2723e-06	0.00376462	0.00110218
6.89718e-05	3.30726e-05	-2.8332e-06	8.84739e-07	0.00277115	0.00178482
1.41652e-05	-6.16885e-05	-9.63196e-06	-1.90766e-07	0.00332839	0.000372594
-0.000242503	-5.18383e-06	-2.46864e-05	-1.05372e-06	0.00397228	0.000410341
-8.60617e-05	4.3042e-05	1.76787e-05	-5.02461e-06	-0.000393392	0.00161693
-6.64911e-05	2.15477e-05	-8.31581e-05	1.97425e-06	0.00350661	-0.004151
-6.73774e-05	-3.13161e-05	-3.33788e-05	4.30033e-07	-0.00476967	0.000805442
-0.000110989	1.67176e-05	-2.56609e-05	-2.08502e-07	-0.00123851	0.000320979
-0.000103984	8.69111e-07	4.57044e-05	2.83383e-06	0.000672919	0.00014817
0.000312418	-4.70859e-05	-1.7643e-05	3.83214e-07	-0.00539377	0.000714891
9.42726e-07	-3.76748e-05	3.3974e-06	1.15696e-06	0.00491792	5.00467e-05
6.34384e-05	-1.23878e-05	2.47274e-05	2.45643e-07	0.000101442	-0.000918984
-0.000139959	2.14321e-05	5.2372e-05	1.59701e-06	-0.00622392	-0.00208624
-2.32706e-06	1.81855e-05	3.48555e-05	-1.84949e-06	0.0018085	0.00184587
0.000219272	-2.5637e-05	2.35832e-05	3.93682e-07	-0.000111261	0.00135291
4.879e-07	3.20908e-05	-2.12548e-05	-1.62887e-07	-0.00375717	-4.0203e-05
-8.69078e-05	1.76908e-06	-1.79979e-05	-2.31373e-06	-0.000854308	-0.0012
-0.000186109	1.02725e-05	2.66947e-05	-2.98613e-07	-0.00247507	-0.000490278
-0.000207533	-3.82091e-05	5.73819e-05	-5.66834e-07	0.000711133	-0.000312086
-6.54834e-05	-5.95399e-06	2.31512e-05	8.7847e-07	-0.000178836	0.000242617
0.00017877	-6.1768e-06	7.36066e-05	3.85526e-07	0.000356988	-8.63625e-05
-0.000131177	4.11229e-05	-8.35057e-05	7.63034e-07	0.000884718	0.000319494
-7.03188e-06	7.62141e-05	1.02295e-05	6.85707e-07	-0.000340111	0.00139859
2.71459e-05	4.93457e-05	-1.76394e-05	-1.37264e-06	0.000462543	0.00112601
-0.00020174	3.57123e-05	1.79384e-05	1.26242e-06	0.00464561	-0.000540973
-0.000100196	7.64007e-05	-6.82127e-06	2.15554e-07	-0.00123316	0.000278573
0.000239946	-3.73234e-05	-8.33368e-05	-2.70777e-06	0.00214198	0.00240277
0.000137686	-3.47845e-05	1.83588e-05	1.7084e-06	0.00535471	0.000317092
-0.000377224	-9.7608e-06	6.96604e-05	-2.83665e-07	-0.00597533	-0.000694936
0.000197312	-1.0691e-05	-4.84989e-05	1.7004e-06	0.00249069	-5.27271e-05
-6.89602e-05	4.18794e-05	-3.24882e-05	-8.86308e-07	-0.00258312	-0.00131486
6.79173e-06	2.71395e-05	5.71593e-05	-1.96711e-07	4.91873e-05	-0.00174997
0.000161123	-4.44695e-05	2.29114e-05	-1.24547e-06	-0.00479849	9.36605e-05
-7.52427e-05	4.33946e-05	3.31938e-05	-3.01183e-07	0.000195048	0.000967751
0.000200872	-6.78778e-06	7.95006e-06	7.57534e-07	-0.00113174	0.0001115
-5.99978e-05	5.60211e-05	8.54669e-05	-2.47841e-07	0.00320644	0.000835572
-2.60524e-05	-4.14323e-05	-7.49411e-05	-1.43153e-06	9.67784e-05	-0.000765871
-0.000142343	5.06659e-05	1.71131e-05	-1.26077e-06	-0.00103873	-0.000154278
-0.00011835	-6.82197e-06	4.0402e-05	-1.17803e-06	-0.0040948	-0.00170446
-2.0236e-05	-3.12021e-05	-6.77898e-06	2.26753e-06	-0.00192619	-0.000466491
-6.32576e-05	2.39273e-05	4.7133e-06	6.53767e-07	-0.00708362	-0.00162059
-0.000134073	-2.9227e-05	-3.38163e-05	-1.61063e-06	-0.00169755	-0.00100587
0.000153879	-4.61308e-05	-3.19777e-05	9.8419e-07	0.00261995	-0.000154432
9.19712e-05	4.91858e-05	4.97878e-05	-2.2914e-07	-0.00207735	0.000640941
9.64538e-06	8.58615e-06	-4.43263e-05	5.54977e-07	0.00591529	0.00085318
6.97684e-05	3.56882e-05	4.02957e-05	2.54779e-08	0.00289673	0.000589231
-0.000158871	-4.40797e-05	6.30054e-05	4.09456e-07	0.00276514	-0.00112487
-0.000122011	-2.67676e-05	4.15604e-05	-8.46951e-07	-0.00274799	0.000792765
9.32205e-05	-2.35718e-05	-3.17883e-05	-2.12402e-06	0.00395084	0.000741792
-0.000278629	3.32919e-05	-3.39597e-05	-1.98842e-06	0.00336667	0.000970592
0.000295468	7.19766e-05	-3.52638e-05	8.3731e-07	-0.000132364	0.000430222
0.000218962	-1.56465e-05	5.60406e-06	2.67369e-06	-0.00108632	-0.000337136
0.000432911	2.8551e-05	2.43432e-05	1.04771e-06	-0.00839312	0.000538002
-0.000145017	-1.1527e-05	-6.09513e-05	9.60533e-07	0.00218045	-0.000463246
0.000134237	2.64457e-05	5.09334e-05	-2.39572e-07	0.00157356	-0.000295569
7.8646e-05	-9.91988e-06	2.83194e-05	-8.56768e-07	0.00200874	-0.000128778
1.50137e-05	3.53418e-05	1.67551e-05	1.4279e-06	0.00161197	0.000508125
3.09664e-06	-2.51966e-05	-3.42781e-05	3.90895e-07	0.00227223	-0.00129632
9.4021e-05	-1.40653e-05	-6.12461e-05	7.76727e-07	0.00161473	0.000876288
-0.000178031	5.62684e-06	6.43332e-05	-6.56621e-07	-0.00329491	-0.000804454
-0.000345846	-1.00846e-05	2.88952e-05	7.08929e-07	0.0011591	-0.000506604
-0.000292199	2.4421e-05	1.13399e-05	2.45271e-06	0.00333774	-0.000401058
-6.13298e-06	1.89832e-06	-1.84523e-05	8.53154e-07	-0.00185005	0.000576664
0.000128983	2.44404e-05	4.23122e-05	2.19608e-06	0.00666296	-0.000155863
0.000247375	4.4028e-05	-6.59027e-06	-2.66597e-07	0.00127183	0.00026489
0.000241852	1.80275e-05	3.41675e-05	-1.21164e-06	0.000212593	0.00147454
0.000209748	-1.27543e-05	-7.95304e-06	1.6778e-07	0.00443976	-0.00143444
8.45636e-05	2.72256e-05	-1.83382e-05	1.43219e-06	-0.00217245	0.00106264
0.000135676	-2.7691e-05	-1.17938e-05	-7.76738e-07	-0.00213301	0.000402325
-3.76525e-05	-2.26835e-05	-8.95603e-05	1.13784e-06	-0.00160557	-0.00022573
5.16446e-05	-1.53852e-05	8.47619e-06	-4.21296e-07	0.00613721	0.00123366
0.000354109	-2.14441e-05	-6.88857e-05	6.45032e-07	-0.00163281	0.00103374
0.00042973	-1.34894e-06	4.41248e-05	3.57933e-07	0.00111106	0.00114559
1.47474e-05	-6.97602e-06	7.98797e-05	4.89098e-06	-0.00199285	-0.000703703
-8.00057e-06	1.77692e-05	-2.26497e-05	1.12084e-06	0.00124131	0.000157588
-0.000296351	2.50661e-05	-2.44343e-05	-1.65742e-06	0.00279207	-0.000553917
0.000164405	4.59628e-05	6.29775e-06	-1.08261e-06	-0.000592221	0.000799664
-4.37172e-05	1.93507e-06	-1.92815e-05	-1.65066e-06	0.00282047	-0.00177506
6.84391e-05	-1.14875e-05	3.31899e-05	2.46533e-06	-0.000646682	-0.000638219
-7.07732e-05	2.07149e-05	-8.95152e-05	-4.03183e-07	0.000572225	0.00102889
0.000330312	-7.31062e-06	8.80002e-05	-4.12343e-07	0.00472831	0.00027614
0.000131637	-3.34042e-05	6.85109e-05	-9.89819e-07	-0.00150702	0.00164003
0.000248408	-2.02635e-05	3.32506e-06	1.0451e-06	0.00199838	0.00140266
8.17316e-05	2.39335e-05	-9.83187e-06	-3.47338e-07	-0.00370505	0.000367709
0.00039867	-1.08098e-06	-7.34793e-05	1.46786e-07	0.00195936	0.000681109
0.00012632	-4.52785e-05	8.65999e-05	-1.66858e-06	0.00215482	-0.000245535
-1.48167e-05	8.87385e-06	-2.62579e-05	-1.54561e-06	0.0013069	0.00060901
-0.000142017	-1.8451e-06	-0.000100791	3.27507e-07	-0.00271496	-0.00156425
7.94436e-07	2.07084e-05	-6.51048e-05	1.15017e-06	0.000511045	-0.000647731
0.00021598	-2.98069e-05	-1.73932e-06	1.7825e-06	0.00580188	0.00149268
0.000202203	5.83033e-06	1.96679e-05	5.43177e-07	0.00179056	-0.00160427
5.61744e-05	-9.32586e-06	5.58248e-05	3.94562e-07	0.00719227	-0.00033673
-0.000140755	3.68706e-05	-1.2601e-05	6.58849e-07	0.00290584	-0.000605783
-0.000128666	4.94242e-06	6.52928e-06	-1.00503e-06	0.000938982	0.000168532
0.000264112	2.40755e-06	5.54925e-05	1.05705e-06	-0.000108184	0.00176498
0.000112205	1.90317e-05	-6.47253e-05	1.18016e-06	0.00225687	0.000460589
3.27159e-05	-1.7677e-05	-1.20917e-05	2.78827e-06	0.00666994	0.00114686
-0.000254643	-9.0511e-06	1.80059e-05	2.21574e-06	0.0065855	-0.000103956
-6.24833e-05	-2.38968e-05	2.05185e-05	1.08173e-06	0.0010812	-0.000748397
1.94204e-05	-3.22217e-05	6.62247e-05	4.49968e-07	0.000186325	0.000178976
-7.93475e-05	1.89216e-05	-1.832e-05	-2.43801e-06	0.000866596	-8.54182e-05
-0.000185658	-1.43951e-05	-2.95267e-05	-6.69393e-07	0.00115786	0.000100633
8.27188e-05	2.25968e-05	-5.56904e-05	1.46797e-08	-0.000641971	0.000517483
-0.000194553	-2.28228e-05	-2.28424e-05	1.84536e-07	-0.00572799	-2.2918e-05
-0.000189582	1.60922e-05	4.48146e-05	-1.94364e-06	0.00361974	0.000646093
5.87491e-05	-1.21729e-05	-5.16974e-05	1.57833e-06	0.000406311	-0.00132283
-0.000129552	-1.44416e-05	-8.25108e-06	-2.46621e-06	0.00819281	0.000229978
8.09825e-05	8.26697e-06	3.03853e-05	-5.99462e-07	0.00563542	0.00146706
1.50179e-05	6.85361e-05	-6.5284e-05	-1.78023e-06	0.00384733	-0.00102085
-1.57285e-06	-3.49183e-06	6.71571e-05	-1.08197e-06	-0.00335843	0.000522031
-0.000232557	-5.33683e-05	2.23059e-05	6.66048e-07	-0.000608547	-0.00087588
0.000262277	-2.41079e-05	-6.45125e-05	3.07459e-06	-0.0062169	0.0002514
-3.07689e-05	-6.66967e-06	-1.25107e-05	1.22329e-06	0.000892354	-0.000812151
4.03123e-05	4.33649e-05	-6.6804e-06	1.21684e-06	-0.00482513	0.000414152
-0.000190256	-1.8064e-05	-1.46511e-05	1.47504e-07	-0.00112476	0.000210719
-3.65152e-05	3.45341e-05	1.91357e-05	-1.16682e-06	0.00444375	-0.00107451
-0.00050949	5.26634e-05	4.22059e-05	-4.31633e-08	-0.00433023	0.000323612
9.92294e-06	1.77659e-05	0.000113199	2.33859e-08	-6.29783e-05	7.29941e-06
5.31816e-05	-2.81512e-05	-7.35012e-06	-6.13894e-07	0.00462768	-0.00130016
-6.95787e-05	-3.45565e-05	6.31258e-05	3.07797e-07	-0.000852123	0.000247284
-0.000235823	-6.03988e-06	-5.69543e-05	-2.15735e-06	0.000824666	0.000387992
-0.000133638	1.03795e-05	-5.23945e-05	2.20258e-06	0.00130814	-0.000964928
0.000354225	4.60928e-05	2.07378e-05	7.51435e-07	-0.00153185	-0.000509215
-0.000353063	5.13193e-06	-1.26302e-05	-1.31399e-06	-0.00914853	-0.00118226
0.000132259	4.72146e-05	-1.57352e-05	-1.53817e-06	0.00182712	-0.000369757
7.53192e-05	5.41055e-05	2.88974e-05	-1.69167e-06	0.0019131	-0.000508073
-0.000423975	-4.46209e-06	-1.27582e-05	1.61036e-07	-0.00637855	-0.0004518
2.66412e-05	4.48661e-05	-7.2508e-05	-1.77253e-06	-0.00085871	0.00122038
0.000169465	1.13801e-05	2.12522e-05	-1.21287e-06	0.00456787	-0.00064223
-0.000302889	-3.79338e-05	-1.62281e-05	1.79664e-07	0.00329779	0.000688106
0.000274084	-5.73031e-05	7.02753e-05	-1.47345e-06	0.0012306	0.000608652
-1.02826e-05	-4.94298e-05	3.10022e-05	3.71299e-07	0.000651708	0.000224163
-0.000167614	8.13633e-05	-5.76402e-05	1.23175e-06	0.000855696	-0.000536847
0.000209241	-2.51737e-05	-3.48541e-05	3.49267e-06	-0.00360125	-0.000484057
0.000337565	2.87043e-05	-3.37559e-05	-1.01809e-06	0.00431658	0.00156168
-5.08544e-05	-9.16503e-06	-1.47405e-05	7.36079e-07	-0.00254907	-0.000502316
0.00017636	1.25673e-05	-3.85912e-06	-2.78449e-06	-0.00233602	0.000201706
-0.000152042	-3.18894e-05	-6.87416e-06	-1.21545e-06	0.00343317	4.16177e-05
7.38696e-05	6.35017e-06	4.9331e-05	2.94036e-06	-0.000522903	0.000827656
-4.30253e-05	1.88084e-05	-2.50413e-05	3.21195e-07	0.00267033	0.00154537
-4.95487e-05	-6.88315e-06	-0.00010938	2.39333e-06	-0.000235523	-0.000162059
0.000151242	3.53235e-05	-2.05076e-05	-3.36874e-06	0.00538493	0.00123732
-0.000101226	1.00421e-05	-6.32227e-06	1.49755e-07	-0.00139193	0.000501415
-0.000156644	9.27132e-06	-2.47645e-05	2.13965e-06	0.0016133	0.00109076
5.27244e-05	3.26591e-05	9.10868e-06	-1.08586e-06	0.000663712	0.000705161
-7.56454e-05	-4.50049e-05	-2.58035e-06	-9.28227e-07	0.00228614	0.000254675
0.000257776	4.87039e-05	1.71885e-05	8.01915e-07	-0.00114779	0.00129877
0.000152155	5.50645e-05	-7.60753e-06	2.23671e-06	0.00027532	0.00118593
0.000105094	2.35874e-05	9.3643e-06	2.06253e-06	0.00488077	0.000677677
0.000155301	-3.0845e-05	9.78654e-06	-1.43502e-07	0.00636605	0.000591445
-4.03858e-05	3.93102e-05	9.16929e-05	-3.04406e-07	0.00640003	-0.000925573
0.000123376	-1.32167e-05	-2.35616e-05	-1.04202e-06	-0.000388934	-7.92874e-05
0.000195475	-7.18766e-06	3.17616e-05	-1.24135e-06	-0.00108591	-0.000156214
-0.00028858	-4.51008e-06	3.34089e-05	7.71667e-07	0.00312499	-0.000727362
0.00021417	3.93876e-05	2.50315e-05	6.7058e-07	-0.00532848	0.00159811
0.000195532	2.65038e-05	-5.01672e-05	-3.49164e-07	0.00190364	0.000866826
-0.000189344	-6.05377e-05	1.76399e-05	-6.2658e-07	0.000690939	7.5042e-05
0.000300835	-1.08651e-05	-1.34562e-05	1.79402e-07	-0.000569727	0.00213913
-0.000347326	2.05255e-06	-2.88801e-05	3.42111e-06	-0.00171549	-0.000341022
0.000284849	6.31089e-05	5.20978e-05	3.42337e-07	-0.00154653	0.00141693
6.04047e-05	-2.86798e-05	-8.35707e-06	2.2254e-06	-1.03673e-07	-0.000821119
-2.70931e-05	-3.19237e-05	-4.29296e-05	-3.89347e-07	0.00224812	0.000166489
-0.00024975	1.45144e-05	-2.83156e-05	-1.50929e-06	-0.000880285	0.000223586
-0.000214315	-2.81534e-05	3.02525e-05	7.31575e-07	-0.00218827	-0.000512132
0.000168848	-7.10712e-05	-7.25031e-05	1.54003e-06	0.00145147	0.00144114
-0.000183842	3.68967e-05	4.47234e-05	-2.87075e-07	-0.00592073	-0.00101742
-6.51344e-05	-3.64176e-06	1.32413e-05	4.77566e-07	-0.0085533	-0.000750136
3.31659e-05	5.28763e-05	-1.77992e-05	-4.87131e-07	-0.00142649	-6.86488e-05
-0.000127411	3.43006e-05	-2.53996e-05	-1.2736e-06	0.00264156	-0.000439446
-0.000130964	-2.21336e-06	-3.63034e-06	3.19729e-06	0.00253209	-0.000163314
3.85494e-05	0.000117373	-6.75761e-05	5.25982e-07	0.00635405	0.000571231
-2.50533e-05	2.8828e-05	-7.97754e-06	1.66124e-06	0.0041536	4.14007e-05
-0.000290421	-1.50205e-05	4.54286e-05	1.10351e-06	-0.00639663	-0.00088316
-0.000361115	-2.53614e-05	-3.6424e-05	-1.29059e-06	-0.00200962	-0.0011406
-0.000288326	-6.6085e-05	0.000103882	-1.82003e-07	0.00080213	-0.00148605
0.000137715	-5.68131e-06	-1.99369e-05	2.97718e-06	0.00206019	-0.0013072
0.000209492	-2.67768e-06	9.49441e-05	-1.47575e-06	-0.00459213	0.000712616
-2.96061e-05	3.53904e-05	9.92134e-06	-3.92855e-07	-0.00195355	-0.00118383
9.45523e-05	2.93715e-05	1.02636e-05	4.34905e-09	0.00544564	0.0005285
-0.000180171	1.44539e-05	-1.54747e-05	-2.78616e-06	-0.00348129	-0.000878388
-2.17343e-05	3.14563e-05	-5.77444e-05	1.55104e-06	-0.00583523	0.00021223
0.000138909	-1.97219e-05	-5.60278e-05	6.77194e-07	0.00274793	0.000169823
1.97816e-06	-1.00634e-05	6.39623e-05	7.96427e-07	-0.00109666	0.000903709
-8.53703e-05	-1.7343e-05	-2.30805e-05	1.14595e-06	0.000769217	-0.000233502
6.02167e-05	2.06e-05	1.38342e-05	-1.10659e-06	0.00347673	-0.000364501
0.000402187	2.55363e-05	-4.16831e-05	-9.95827e-07	-0.00300556	0.00167762
-0.00036811	1.12764e-05	5.46848e-05	-4.70114e-07	0.00432853	-0.00117331
-3.53529e-05	2.95152e-05	-6.24112e-05	8.13105e-07	-0.00346641	-0.000790619
0.000136643	-4.30351e-05	-9.65398e-06	-1.41658e-06	0.00348206	0.00155108
2.32476e-05	4.05425e-06	4.31952e-05	-1.54188e-07	0.00417988	0.000981239
-0.000190844	-7.47959e-07	3.23132e-05	-2.52443e-06	0.000933034	-0.000864459
-0.000196467	4.60269e-05	2.58369e-05	1.29599e-06	0.00307969	-0.00150545
-0.000196096	3.94368e-06	-2.00175e-05	-1.45882e-06	-0.00809799	-0.000286832
-9.09812e-05	5.74171e-05	-1.79199e-05	-2.9199e-07	0.000691661	-0.000370684
-0.000421516	7.21267e-06	-2.32829e-05	-2.96893e-07	-0.00449268	-0.000552187
-0.000405108	-1.53663e-05	3.42207e-06	-6.66564e-07	-0.00242121	-0.00192836
0.000123245	-2.83673e-05	8.22708e-05	5.28705e-08	0.00151987	-0.000355666
0.000239475	4.03952e-05	2.196e-05	-9.176e-07	-0.00221258	0.000286463
5.5874e-07	-1.81044e-05	-1.95745e-05	3.41772e-07	0.000221973	0.000545218
0.000211486	-1.6638e-05	0.000106006	-3.70101e-06	-0.00124777	0.000861115
-5.15924e-05	-1.95627e-05	-1.35381e-07	1.19195e-06	-0.00113396	-0.000202989
-5.12728e-05	-3.4378e-05	3.44319e-06	-9.70406e-07	-0.00436609	-0.00077194
0.000217529	-2.18241e-05	-3.10679e-05	2.42944e-06	0.000882989	0.00022942
-0.000109979	-2.91061e-05	8.81e-05	-2.40923e-06	-0.000442682	-0.00040366
-0.000393836	-3.48234e-05	-5.5191e-05	-1.10414e-06	-0.00303203	-0.00175271
-5.64846e-05	6.91532e-05	4.28391e-05	-1.64518e-06	0.00603792	-0.000556758
0.000274186	-1.20062e-06	-4.68541e-05	-2.574e-06	-0.00538266	0.000785818
0.00032668	1.86288e-05	-2.7782e-05	6.03639e-07	-0.000691913	0.00209702
-2.95651e-05	-4.44389e-05	1.43489e-05	-1.01342e-06	0.000419902	-0.00153201
0.000391474	4.03356e-05	-1.161e-05	7.5303e-07	-0.000457847	0.000355501
-0.000146807	-5.06273e-05	-3.90467e-06	-9.3087e-07	0.00537677	-0.00151564
0.000214551	4.38163e-05	-2.57803e-05	1.13917e-06	-0.000426882	-0.00116013
-0.000259169	1.44594e-05	1.22377e-05	-2.68409e-06	-0.00971829	-0.000146774
0.000310117	-4.67576e-05	-1.80616e-05	1.75356e-06	-0.00180225	0.00078029
0.000102947	-8.33192e-06	-5.88187e-05	-3.20131e-07	0.00189295	0.00265487
0.000382765	-1.15556e-05	-0.000111465	1.8598e-06	-0.00408165	0.00153861
0.000246046	-1.31836e-05	-3.76237e-05	-2.50652e-06	-0.00410577	0.00103774
6.05035e-06	-1.01184e-05	3.60439e-05	-6.7524e-07	0.000600934	-0.000530919
0.000211951	1.50017e-05	3.65179e-05	6.32863e-07	0.00302659	0.000238296
6.73294e-05	2.84038e-05	7.67729e-06	5.35617e-07	0.00369964	-8.31686e-05
-0.00013822	6.75958e-06	4.54447e-05	-1.50081e-06	-0.0030485	3.01296e-05
0.00023344	6.02685e-05	2.69973e-05	-7.74298e-07	0.00780658	-0.000499793
0.00019194	2.49819e-05	1.52322e-05	2.19252e-06	-4.66479e-05	0.000774427
0.000299585	-1.61504e-05	1.239e-05	8.82794e-07	0.00298248	-0.000207645
8.74235e-07	4.38223e-05	-6.84752e-05	1.53624e-06	0.00189911	0.000246594
-5.83877e-05	-7.87187e-06	-0.000118446	-8.43394e-07	-0.000534467	-0.00172249
3.70515e-05	2.73838e-05	-3.80361e-05	7.53038e-08	-0.00198659	-5.54847e-05
8.70117e-05	1.82207e-05	2.95243e-05	2.69692e-06	-0.000948491	0.000523226
-0.000141813	4.7689e-05	3.46898e-05	-7.85525e-07	-0.00191319	0.00106385
0.000315678	-2.77579e-05	1.16053e-05	-1.29377e-07	0.00317434	-0.000500799
8.51667e-05	8.30771e-05	1.89851e-05	-4.49492e-07	-0.00105119	-0.000925032
-3.8326e-05	-3.50161e-05	-5.49597e-05	-4.05868e-06	-0.00603027	0.0016718
-8.43061e-05	-5.71899e-05	-6.672e-05	2.56901e-06	0.0043665	-0.00215353
-7.10236e-05	4.28773e-05	-7.91623e-06	-6.41007e-07	0.00409117	-3.08151e-06
0.000134365	-2.2565e-05	3.75032e-05	-5.46318e-07	-0.00179698	0.00135566
-0.000101414	4.91127e-05	-4.73641e-05	-1.11601e-06	-0.00050645	0.00155317
0.000133079	3.51086e-05	9.13549e-05	-1.30045e-06	-0.00356932	0.000107585
0.000201878	-3.29611e-05	7.99402e-05	3.15534e-06	-0.000693981	-4.06179e-06
0.000125201	-3.68234e-05	-5.06804e-05	-2.64122e-06	-0.00477436	0.000506386
0.000195249	-1.68591e-05	6.19331e-06	3.31457e-06	0.000262507	9.3759e-05
0.000242615	-3.69704e-05	1.02618e-05	2.57571e-06	-0.00733022	0.000681169
-0.000109487	7.66478e-06	1.22074e-05	-7.77494e-07	-0.000192736	-0.000476902
0.000292766	3.10882e-05	-6.09987e-05	-3.23133e-06	0.00537462	0.000416109
-5.6552e-06	2.9614e-05	3.73472e-05	3.99317e-07	-0.00350418	0.000104355
-0.000334639	-1.10428e-05	-3.35955e-05	-7.83253e-07	-0.000815596	-0.000572628
6.41185e-05	1.77554e-06	-6.4157e-05	3.43238e-07	0.00118427	-0.000117602
-0.000122053	-3.17358e-06	-6.07581e-06	6.71855e-07	-0.00213253	0.000661523
0.000226949	-5.5194e-05	3.65382e-05	-3.20466e-07	0.00130759	0.00084428
0.000337687	3.74077e-05	9.3165e-05	-4.21851e-08	-0.000946909	0.000504592
-4.28061e-05	-7.96504e-05	-7.20544e-05	-6.05781e-07	0.00545926	0.000481553
-0.000248261	4.32281e-05	2.07038e-06	-3.45099e-08	-0.000811193	-0.00137376
8.29294e-05	4.29982e-05	-8.56698e-06	4.87819e-07	0.0052934	0.000308556
-1.75955e-05	-1.67294e-05	5.3274e-05	6.0776e-07	-0.00236265	0.000329194
-0.000190442	-2.61755e-05	4.89366e-06	4.99037e-08	0.00212865	4.9535e-05
-0.000293692	3.77188e-05	1.08261e-05	-1.58229e-06	0.000401633	-0.000635958
-0.000204298	2.08764e-05	-2.10397e-05	-1.5876e-06	0.00387036	-0.000410807
-1.99164e-05	3.19341e-05	-6.5704e-05	-5.04181e-07	0.00225023	-1.70662e-05
0.000151637	-4.35988e-05	8.3266e-05	-2.98678e-07	-0.00127522	0.00113639
0.000195555	7.98719e-06	5.3817e-05	8.8458e-07	0.00563596	0.00137562
-0.000401555	-1.12197e-05	-2.32794e-05	-1.50029e-06	-0.00488498	-0.000662236
5.28061e-05	1.19632e-05	2.84197e-05	1.23211e-06	0.00320692	-0.000720957
-1.84163e-05	6.86999e-06	-2.60397e-05	1.57493e-06	0.00948506	-0.000493223
0.000142497	4.65462e-05	3.24272e-05	-2.6277e-07	-0.000604021	-0.000925576
0.0003372	-3.76705e-05	-5.98485e-06	-8.59521e-07	0.00131009	0.00182143
4.19329e-06	-6.49731e-05	-1.67e-05	7.93308e-07	-0.00266668	0.000243953
-0.000121962	2.62602e-06	-7.14305e-05	5.08922e-08	-0.0018183	0.00090918
-6.41822e-05	-3.40157e-05	3.86322e-05	-2.33482e-07	0.00136267	-0.000129707
-7.94664e-05	1.10615e-05	5.76656e-05	-4.83512e-07	-0.000892641	-0.000206434
0.000179697	-1.78746e-05	2.61893e-05	9.89591e-07	-0.00508547	-0.00239601
0.000350907	1.9672e-05	-5.426e-05	-4.72625e-07	-0.000449104	0.000932672
-0.00032261	-5.29544e-05	-1.30053e-05	3.23984e-07	0.00598369	0.000187266
-3.62136e-05	1.25209e-05	-1.87553e-05	8.6638e-07	-0.00388832	0.000189328
0.000147093	1.95188e-05	-1.56422e-06	1.54191e-07	-0.00371095	0.00105558
0.000233907	6.12278e-06	6.7021e-05	6.22801e-07	0.00105258	0.00127759
-0.000134072	-0.000109884	5.46682e-05	-4.08228e-06	-0.00625262	-0.00141346
-9.06954e-05	6.42903e-05	-1.89109e-05	-4.97127e-07	0.00310331	-0.000561645
0.00022228	-8.30754e-06	-5.32083e-05	-1.55421e-06	-0.00312428	-0.00182719
0.000360011	1.01188e-06	5.77843e-05	-5.98401e-07	0.000474285	0.00017875
-0.000271251	-2.93908e-05	-9.1303e-05	2.92425e-06	-0.00237575	-0.00187554
-0.000522178	-5.70788e-05	-3.82168e-05	7.59042e-07	0.00546244	-0.00129341
-0.000164619	1.57805e-05	3.64457e-05	1.83447e-06	-0.000831998	-0.00163897
4.93067e-06	-1.98092e-05	-1.72939e-05	-2.29451e-06	0.00450046	0.000598697
-0.00011535	1.2443e-05	1.75484e-05	-5.75337e-07	0.00779344	-0.000227294
0.000314062	-1.46852e-05	-7.63064e-05	5.32264e-07	-0.00231356	0.000461405
-0.000175729	-1.41465e-05	4.03919e-05	4.08003e-07	-0.00388631	-0.00200287
7.54948e-05	1.34428e-05	-3.18163e-06	-5.24657e-07	-0.00443573	0.0010203
0.000197092	-3.57128e-05	-5.41833e-05	-1.01408e-06	0.00335313	0.000527854
0.000320018	3.31737e-05	-1.47891e-05	2.10582e-07	0.00823322	0.00106496
-0.000271984	1.21208e-05	2.19245e-05	-1.26064e-07	-0.000108998	-0.000217386
-0.000114847	2.75092e-05	-2.68943e-05	6.11225e-07	-0.0086441	0.00076123
-7.35177e-05	-1.0854e-05	5.30173e-06	9.14107e-07	-0.00259725	-0.00100115
8.22113e-05	5.98065e-05	-8.46048e-05	-1.18276e-07	-0.000807634	-2.22969e-06
0.000202797	-3.10164e-05	-7.00402e-05	2.14927e-07	0.00488708	-0.00139466
0.000293546	-3.62751e-05	-4.64809e-06	-1.11823e-06	0.00107303	0.00194566
9.16703e-05	5.29527e-05	9.14002e-05	-9.43995e-07	-0.00192641	0.000738812
6.02175e-05	-7.08769e-08	1.33527e-05	1.00488e-06	0.00438853	0.00053173
0.000310257	-4.31631e-05	1.14041e-06	-5.00744e-07	0.00336966	0.00121515
-0.000108417	-4.72144e-06	1.91287e-05	-9.99145e-07	8.65012e-05	0.00170562
-0.000231736	-4.58362e-05	1.77126e-05	1.25155e-06	0.000314405	-0.00115411
5.01411e-05	5.27335e-05	-4.80294e-05	2.57537e-06	0.00676696	-0.000110319
-0.000299962	5.94675e-06	1.10902e-05	6.33653e-07	0.00217251	-0.000415805
0.000378974	-2.99226e-05	4.21193e-05	-3.71419e-06	-0.00293958	-0.00053992
-0.000223349	3.41573e-05	-1.40742e-06	-5.39041e-07	0.00142035	-0.000706347
-6.12765e-05	2.18684e-05	-2.02661e-06	2.91759e-08	0.00209085	-0.00146367
-0.000230763	-2.71441e-05	4.61455e-06	3.20592e-06	-0.00479552	-0.000184303
-7.92699e-05	5.14904e-07	-4.65057e-05	-1.78489e-07	-0.000798798	0.000536421
1.45246e-05	2.06174e-05	-3.78935e-05	2.15183e-06	0.00102551	0.00167262
-6.99818e-05	2.06866e-05	-8.96821e-05	-2.68745e-06	-0.00218666	-0.00157954
-0.000237942	4.81073e-05	4.10887e-05	2.57536e-07	0.00414159	-0.00188267
0.000193348	3.76335e-05	-4.45787e-05	-8.8273e-07	-0.00186461	0.00152349
-0.000397696	-1.42426e-05	-5.24278e-06	-2.30501e-07	-0.0046381	0.000656877
-0.000160902	-3.50325e-05	-1.84381e-05	-7.50313e-07	-0.00315852	-0.00142417
-0.000201031	4.2837e-05	-2.6154e-05	4.15985e-07	0.00154618	-0.000532487
4.80215e-05	1.35156e-06	-2.84965e-05	4.69663e-07	-0.00395798	0.00108186
-0.000108269	1.50791e-05	7.37425e-05	-9.31824e-07	-0.00340694	-0.000604889
-0.000183662	2.57779e-06	-7.7606e-06	-1.30303e-06	-0.00579392	-0.000526546
-3.70382e-05	1.26068e-05	9.6713e-05	9.67573e-07	-0.00412117	-0.000586009
7.85827e-05	-2.44292e-05	4.09691e-05	1.90337e-07	0.00175929	0.00146062
0.000106265	2.99343e-05	-5.46176e-05	1.09773e-06	0.00631971	-0.0001713
-9.98642e-05	-7.39552e-05	8.95374e-06	-3.26482e-07	-0.00108086	0.00085802
9.71287e-06	5.0064e-05	-1.45663e-05	-8.90129e-07	-0.00120123	6.22197e-05
-2.79729e-06	2.94533e-05	1.62601e-05	2.21917e-06	0.00052317	0.0012438
0.000186932	-8.2753e-06	-2.50324e-05	1.56929e-06	-0.0051017	0.000374888
1.80986e-05	6.89443e-06	1.29202e-06	1.35992e-06	-0.000633393	-0.000861636
-0.00020781	1.65803e-05	-5.98797e-06	6.92759e-07	0.000757363	0.000165794
-0.000193809	-2.92865e-06	1.03609e-05	-1.91219e-06	0.00225888	0.00073641
0.0003836	-8.36896e-06	-8.87641e-06	-4.31461e-07	-0.000957671	0.00188
0.000245292	-1.40375e-05	6.5429e-05	6.01278e-07	0.000796753	-0.000116306
-5.14243e-05	-1.24171e-05	2.21736e-05	-7.44367e-07	0.00868436	0.000406745
-0.000220174	-5.58545e-05	1.57189e-05	2.83417e-06	0.000609255	0.000102669
-0.000148578	2.33322e-06	-1.16948e-05	2.65739e-06	-0.00321702	0.000258914
0.000227613	-5.48292e-05	3.23671e-05	7.40729e-07	0.00156495	-0.000717174
0.000459262	-8.11713e-05	-1.77554e-05	2.15552e-06	0.00881165	0.00146096
0.000290026	-4.61173e-07	2.15838e-05	-4.15456e-06	-0.00446024	-0.000723708
-1.02922e-05	3.38306e-05	-4.10613e-05	3.08574e-06	0.00193209	-0.00159225
0.000210308	-4.00874e-07	6.95088e-05	1.72218e-07	0.000865113	1.86601e-05
7.90563e-05	-1.00461e-05	1.60704e-05	-5.11552e-09	-0.00735177	-0.000663358
1.11072e-05	1.00559e-05	-3.8194e-05	-1.04591e-06	0.00292253	0.000319275
2.68792e-06	3.55002e-05	-3.78734e-05	1.85998e-06	-0.00248938	-0.00126853
4.70398e-05	-1.67019e-06	9.22223e-06	-3.97128e-07	0.00433029	-0.00104847
-0.000317933	4.92755e-05	-2.83082e-05	-5.61404e-07	-0.00237415	-0.00199246
0.000221453	-1.07968e-06	3.16917e-06	-1.86776e-07	-0.000724332	-0.000476486
0.000314257	-5.60219e-05	5.2214e-05	-2.13526e-06	-0.000141984	0.000100654
-0.000132999	3.28091e-05	-7.27288e-05	-4.88508e-08	0.00533438	-0.00027857
-4.1389e-05	-1.30609e-05	-2.62333e-06	-1.29007e-06	0.00124971	-0.00015348
8.09972e-05	-3.55882e-05	-4.38117e-06	6.42412e-07	0.00284049	-0.00034452
0.000319961	1.5311e-05	-4.03166e-05	3.56047e-07	4.90955e-05	0.00300937
-9.39978e-05	2.1187e-05	9.28822e-05	-1.68288e-07	-0.00424137	-0.000681898
0.000241959	2.41411e-05	3.1964e-06	8.83265e-08	-0.00207498	1.49188e-05
1.3228e-05	-7.10463e-05	8.76899e-05	6.74729e-07	-0.00471154	0.00228362
0.000112768	5.36192e-06	1.58991e-05	4.94077e-07	-0.00250375	-2.93437e-05
3.42112e-07	-1.1268e-05	-4.59855e-05	9.91786e-07	-0.00813167	0.000208579
-9.30652e-05	-5.14899e-05	-2.39023e-05	2.86414e-06	-0.00328751	0.000136348
-9.88465e-05	-2.72844e-05	-5.96496e-05	-1.83602e-06	0.00267854	0.000727443
2.58781e-05	-8.64612e-06	-7.2831e-05	-3.28829e-07	0.00182698	-0.000493756
6.49409e-05	7.47025e-05	-5.46985e-05	-2.24126e-06	-0.00453921	0.000465171
0.00032652	2.45149e-05	-4.61692e-05	-6.45775e-07	6.59435e-05	0.00081568
0.000106251	3.26835e-05	-5.499e-05	-1.10928e-06	0.0060394	0.000354611
-0.000151733	-2.44503e-05	-2.21964e-05	-1.87545e-06	-0.00030328	-0.000500784
0.00012415	-2.65938e-05	-5.85415e-06	-7.64381e-07	-0.00298689	0.000751743
0.000383139	2.4665e-05	6.13555e-05	8.41357e-07	0.0043081	0.00118251
-6.40179e-05	-1.16813e-05	3.48569e-05	-1.52677e-06	0.00916906	0.00078771
-1.87806e-05	-5.46406e-05	-0.000118568	8.10184e-07	-0.000620604	-0.000718136
-0.000334341	-4.57374e-05	-3.42818e-05	2.07439e-06	-0.00165598	-0.000251992
0.000172307	-2.11061e-05	-3.40994e-06	2.28431e-06	-0.00411862	-0.000268737
9.72601e-05	4.05597e-05	-4.34548e-05	2.09034e-06	0.0019603	0.000772712
-9.32243e-05	-2.78321e-05	1.65619e-06	5.45222e-07	0.00216208	0.000246318
0.000246894	-9.66964e-06	-5.40773e-05	2.83376e-06	-0.00024133	0.00103613
0.000269464	-1.51933e-05	-4.25527e-05	-3.49723e-07	-0.000583522	3.49055e-05
0.000233903	3.54353e-05	-2.24477e-05	-9.1635e-07	-0.00357843	0.00244258
2.43894e-06	2.86789e-05	3.51638e-05	1.39862e-06	0.000525465	-0.000165358
-0.00024843	3.00518e-06	4.96495e-05	2.45454e-06	-0.00566339	6.49094e-05
0.000566548	1.99328e-05	1.72619e-05	8.94057e-07	0.00297357	0.00107636
-0.000182488	-4.43425e-06	1.20233e-05	-8.38551e-07	0.00312102	-0.000241853
-0.000144863	5.03785e-05	2.90376e-05	-7.74522e-07	0.00484126	-0.00169119
0.000169873	2.34607e-05	3.20515e-05	1.59903e-06	-0.000990185	-0.000845505
8.49935e-06	2.42503e-05	8.35684e-06	8.73883e-09	-5.59972e-05	-0.000372545
0.000245642	-4.69634e-05	-3.98156e-05	-1.62951e-06	-0.000989461	0.00124304
-3.28722e-06	-4.87943e-05	1.86069e-05	-1.41436e-06	0.00267545	0.000776084
0.000117448	-1.71423e-05	-1.06362e-05	2.88195e-07	0.00317937	-0.00135684
8.18784e-05	1.00731e-05	-4.71323e-05	-1.11913e-06	0.000233664	-0.000485938
0.000337983	5.74081e-05	3.99216e-05	1.66381e-06	0.00171629	0.00116993
0.000595292	-1.20235e-05	-7.20874e-05	6.66346e-07	0.0024059	0.00114209
2.81174e-05	-2.14599e-05	2.6733e-05	-1.29923e-06	0.0034751	0.000920584
-0.000301016	2.68782e-05	-2.01959e-05	-1.76108e-06	-3.0554e-05	2.15869e-05
-5.41556e-05	1.98874e-05	4.84389e-05	-1.71832e-06	-0.000710628	-0.000662594
0.000363197	2.03496e-05	-3.40525e-05	8.08136e-07	0.00190827	0.000323609
-7.72737e-05	3.12407e-05	-1.03458e-05	-2.19438e-06	0.003982	-0.000953911
3.30764e-05	3.99953e-05	-7.87214e-05	1.03269e-06	-0.00681058	0.000845208
-0.000205515	3.29136e-05	-3.30567e-05	-2.52488e-06	0.00344977	-0.0019575
6.07209e-05	4.40089e-05	-4.17248e-05	-1.76029e-06	0.00224721	-0.00107138
3.30379e-05	2.89383e-05	-3.98425e-05	-1.09655e-06	-0.00367884	-0.000631986
-0.000487598	7.85321e-06	2.23172e-05	-2.34512e-06	0.00316155	0.000292793
-0.000178882	-2.18496e-05	4.23348e-05	-4.24428e-07	-0.000854535	-0.000794193
-0.000319227	2.32955e-08	-6.19313e-06	8.33419e-07	0.00451022	-0.00099236
0.000181644	5.41645e-05	-1.6124e-05	-7.74532e-07	0.00655268	-8.9586e-05
-1.13727e-05	-4.3045e-05	7.43216e-06	-1.82121e-06	-0.00730586	-0.00154401
3.99645e-05	-6.86433e-06	5.08008e-06	-3.39132e-07	-0.00197809	-0.000194077
9.84086e-05	1.56746e-05	1.84348e-05	1.48448e-06	0.00317389	-0.000975144
-5.01661e-05	-5.2017e-05	6.34093e-05	-1.69802e-07	0.00638353	-0.00120028
-0.000333081	-3.65969e-05	-1.32451e-05	2.03661e-06	-0.00252971	-0.000995203
-4.8077e-05	-4.5197e-06	1.06462e-06	3.10299e-06	0.00148317	-0.000947844
-0.000269914	1.33414e-05	-1.42288e-05	-2.18416e-07	-1.779e-05	-0.0017081
0.000292347	7.69254e-06	-4.53535e-05	1.37762e-06	0.00140832	0.00171589
-0.000307538	-4.49423e-05	-4.39226e-05	-1.20605e-06	0.0021169	-0.00230321
-0.000187631	7.26013e-06	1.48867e-05	1.00201e-06	-0.00275376	-0.0012642
0.000192339	3.15759e-05	9.11336e-05	2.39521e-06	-0.00473882	0.000597169
-0.00022759	5.01412e-05	-6.19313e-05	-1.7914e-06	0.00813507	0.00173937
-0.000188685	-5.98961e-05	-3.16905e-06	-1.59076e-06	-0.000147439	-0.00043246
0.000232816	2.35478e-05	-2.7204e-05	4.10586e-07	0.00176252	0.00136569
-0.000141436	3.26811e-05	1.38237e-05	1.03418e-06	-0.00568121	-0.00303865
-4.64296e-05	-6.6608e-05	-1.82005e-05	2.01566e-06	0.00236137	0.00120486
-1.54625e-05	-2.76995e-05	-7.10502e-06	7.95617e-07	-0.00126951	-0.000906984
5.68352e-05	-4.80154e-05	2.95582e-05	5.4832e-07	-0.000680045	0.000588123
6.69323e-05	3.62259e-05	-2.52348e-06	-6.55793e-08	-0.000715872	-0.000919344
-7.80992e-05	-9.8782e-06	-6.00441e-05	1.52856e-07	-0.00406935	0.000234637
2.97163e-05	1.8095e-05	1.73594e-05	1.03201e-08	-0.00597394	-0.000370391
0.00047638	-2.01909e-05	-1.5086e-05	1.31591e-06	0.00107843	0.000753871
0.000117735	8.79976e-06	3.90135e-05	-1.9839e-06	0.00528409	0.0012754
-0.000178622	-4.48269e-05	-1.1163e-05	9.04163e-07	0.00445996	5.7297e-05
0.000243422	-1.14949e-05	2.39431e-05	-1.90986e-06	-0.00180444	0.00231885
0.000193606	3.92631e-05	-2.66029e-05	-1.35353e-06	0.00215913	0.000877182
0.000156359	-1.76304e-05	2.08702e-05	-2.47216e-06	-0.00311503	-5.04017e-05
-0.000100364	-1.16895e-05	3.9189e-05	-3.17186e-07	0.00137378	0.000232366
-0.000491871	1.37334e-05	2.35887e-05	6.3911e-08	0.00016609	-0.00397404
0.000195775	-6.27523e-06	3.82733e-05	-2.08057e-06	-0.00368648	0.000680356
0.000119385	-7.46525e-06	8.66572e-05	-2.06622e-07	0.00124549	0.000315708
-2.31944e-05	4.67981e-05	-4.77246e-06	2.19964e-06	0.000373502	0.000900184
-2.58968e-05	-9.03203e-06	8.39623e-05	1.14902e-06	-0.000565589	0.000644886
0.000128381	5.47935e-05	6.14688e-06	2.33132e-07	-0.0016753	-0.000887617
0.000254569	-3.05328e-05	-1.41055e-05	-4.28532e-06	-0.00159561	0.000745431
2.82516e-05	3.1219e-05	5.00068e-05	6.74733e-07	0.00435126	-0.00220481
-2.72768e-05	-6.09132e-05	2.79858e-05	2.70071e-06	0.0044703	-0.000590784
0.000391389	8.49591e-05	-2.66992e-05	-1.48216e-06	0.00116363	0.00110066
-1.95723e-05	-1.71031e-05	3.01597e-05	-2.61573e-06	0.00141323	-0.000357775
-0.000339238	3.23443e-05	-5.92213e-05	-8.76977e-07	0.00118831	5.05846e-05
6.90011e-06	-1.07958e-05	-1.35608e-06	1.59861e-06	0.000967141	-0.00212139
-0.000127196	1.79151e-06	-4.80812e-06	1.11293e-06	-0.00416185	0.00066581
-0.000118766	-3.24382e-05	3.67439e-06	-4.26232e-07	0.00567388	0.000345763
-1.79469e-05	-1.10894e-06	-4.07762e-05	-1.25415e-08	0.00428637	-0.000763529
-7.27829e-05	6.89697e-05	3.87963e-05	1.69503e-06	0.00148007	0.000939771
-0.000147314	3.38624e-05	-2.01258e-05	1.43253e-06	0.000162266	-0.000983141
8.63132e-05	-6.6314e-05	-1.5761e-05	1.90963e-06	0.00147123	-0.000744909
0.000277892	3.6063e-05	-3.67413e-05	-5.9925e-07	-0.00206272	0.000912453
-0.000439991	4.19166e-06	1.22586e-07	-1.54086e-06	-0.00200022	-0.00174922
-1.88421e-05	1.54043e-05	-2.47946e-06	3.02555e-07	-0.00423574	0.000634023
-0.000284951	6.0549e-05	-4.15652e-05	-1.07251e-06	0.00928914	-0.000140523
1.20556e-05	7.82043e-05	-3.60724e-05	3.20773e-07	0.00521784	-0.000153588
-0.000155708	2.54645e-05	-5.92124e-05	-1.06016e-06	-4.99032e-05	-0.000193605
-9.60219e-05	3.78139e-05	-6.26122e-05	5.27789e-07	0.00400169	0.000429157
-5.0403e-05	-6.14425e-05	0.000104256	5.81339e-07	-0.00617248	0.00024629
-0.000179675	5.84699e-06	-3.79585e-05	1.49872e-06	0.00347504	-0.00140611
0.000137532	2.51845e-05	7.25812e-05	1.14178e-06	0.0003948	-0.0015217
2.45307e-05	6.54914e-05	6.07188e-06	-1.47717e-06	0.00169362	-0.000268844
0.000240977	1.48031e-05	-3.42472e-05	9.97097e-08	0.000796402	0.00132061
-6.07578e-06	-3.93474e-05	-2.46161e-05	4.87242e-07	-0.00131811	0.000208908
-1.31827e-05	2.00321e-05	-2.78775e-05	1.91856e-06	0.00382596	0.00144663
-0.000276611	3.5499e-05	-3.98384e-05	-9.0482e-07	0.00257461	-0.000818859
0.000296664	-1.01409e-05	-5.97145e-05	-1.01672e-06	0.0043187	0.000984856
0.000160649	-1.42995e-05	-5.57261e-06	8.86519e-07	-0.00327855	3.79226e-05
-6.86817e-05	-3.87809e-05	-3.21256e-06	-1.3714e-06	0.00318423	-0.000187794
4.40633e-05	2.32363e-05	3.82302e-05	1.4023e-06	-0.00056247	0.000828705
-3.80179e-05	-2.15167e-05	-7.9317e-05	5.89388e-08	-0.00163823	0.0013304
8.3414e-06	-4.94013e-06	-4.97658e-05	-9.85124e-07	-0.000100661	-0.000360504
-9.23666e-05	3.38998e-05	-9.54304e-05	1.36628e-07	0.000364057	-6.64604e-06
-0.000101764	-3.7487e-05	-0.000125708	-6.17058e-07	-0.00505383	-0.000552754
0.000118553	-4.85138e-05	2.55449e-05	-1.1254e-06	-0.00383036	-0.00075848
8.02405e-05	1.42969e-05	-2.5229e-05	1.19828e-06	-0.00109119	0.0014886
0.000286535	-6.9536e-05	7.63803e-05	-1.38372e-06	-0.00104544	0.000891946
4.25846e-05	-1.06268e-05	-3.14481e-05	-9.48749e-07	-0.00428423	-0.000577228
-0.000248842	-1.81916e-05	-1.68395e-05	-2.77173e-06	-0.00119977	0.000226862
-0.000351694	-1.8757e-05	-2.16277e-05	-1.97229e-06	0.00316969	-0.00148145
0.000466395	-4.32983e-05	-1.88003e-05	-1.38934e-06	0.00222519	0.00131497
0.000286161	-2.84473e-05	-7.94354e-06	1.12017e-06	-2.22707e-05	0.00114353
-0.000161223	1.77459e-05	-2.27067e-05	1.0194e-06	-0.00594995	-0.000970153
0.000321973	-4.31002e-06	-1.10638e-05	-1.28309e-07	0.000951778	0.000129234
-0.000359109	1.69855e-05	-2.46534e-05	9.58701e-07	-0.00110801	-0.000710757
-0.000216318	2.05914e-05	8.76818e-05	-4.83393e-07	0.00124692	-0.00175262
-0.000346374	-2.73646e-06	-2.36696e-05	9.8676e-07	-0.00290455	0.000311797
-7.78166e-05	-3.70484e-06	9.96083e-06	-1.88887e-06	4.25282e-05	-3.56746e-05
8.08078e-05	-1.1708e-05	-8.2798e-06	-4.12255e-07	0.00332968	0.00114079
-0.00014688	6.64011e-05	-4.24011e-06	-4.13577e-07	0.00388316	0.00111699
-8.4026e-05	-2.07537e-05	-3.16849e-05	4.15902e-07	-0.00543056	0.000672091
-0.000145636	-1.07008e-05	1.44362e-05	1.52816e-06	0.00265356	0.000950993
8.57925e-05	2.37432e-05	-2.66279e-06	2.4367e-06	0.00187567	0.000684276
-0.000556453	3.13784e-05	3.55649e-05	5.93534e-07	-0.000133668	-0.0025827
-8.10359e-05	5.4323e-05	-6.0594e-05	1.91231e-06	-0.000755499	-0.00149352
-9.58579e-05	5.83168e-06	1.22631e-05	-1.12613e-06	-0.00372271	-0.000633564
-0.000115062	-1.98486e-05	6.84596e-06	5.1088e-07	-0.00763692	-0.000512309
4.9538e-07	-3.36775e-05	3.80975e-05	-1.86154e-06	-0.00159824	0.00128688
-9.23859e-05	-2.50914e-05	-9.87272e-05	-2.14703e-07	0.00646644	-0.000526229
-0.000127105	3.84244e-05	-5.6606e-06	-6.52837e-07	-0.00465183	-0.000363007
0.000159278	-4.60137e-05	-1.39095e-05	3.10113e-07	0.00211509	0.00121908
3.06487e-05	-2.08999e-05	4.53468e-05	1.76126e-06	-0.00287042	0.000720091
-0.000243088	-1.00529e-05	-3.14751e-05	1.094e-06	-0.00191878	-3.13221e-05
0.000187988	2.01266e-05	1.73392e-05	-3.00926e-08	-0.00250142	-0.000247884
-0.000274149	2.47902e-06	3.26337e-05	1.98165e-06	-0.00462495	-0.00077559
7.41845e-05	-1.43564e-05	3.96235e-05	-2.33254e-06	-0.000955681	-0.000165343
0.000361066	2.98292e-05	9.00138e-05	-3.62613e-07	0.00643888	0.000653026
-5.74034e-05	1.30259e-05	-4.01471e-05	-1.40712e-06	-0.00036013	-6.89576e-06
-1.42324e-05	2.04032e-05	4.42026e-05	1.1184e-06	0.000123732	0.000208745
7.62681e-05	4.34515e-05	-3.9104e-06	1.53288e-06	-0.00209713	0.00142486
-5.44331e-05	4.03408e-05	-1.96671e-05	1.35936e-06	0.0009826	-0.000394168
-8.22341e-05	-9.80454e-05	3.21114e-05	1.40715e-07	-0.00206847	-0.000292742
9.98762e-05	-1.37998e-05	9.54094e-05	-2.25413e-07	0.000331848	0.000325367
-0.000223126	-3.12015e-05	-3.02039e-05	1.15344e-06	-0.00474007	-0.000880735
-1.6536e-05	2.15526e-05	9.49555e-05	-1.39331e-06	-0.00103079	3.44761e-05
0.000247282	4.55733e-06	3.97572e-05	6.52961e-07	0.00545401	0.000748166
0.000155901	-9.01158e-05	-8.00394e-05	1.50124e-06	0.00476332	0.00108276
